0.000000 0.999874 0.000000 2.035554 0.000000 2.035554 0.000000 0.999874
0.010000 0.999874 1.000000 1.528402 41.921254 41.949107 1.534354 0.999874
0.020000 0.998848 2.000000 1.046217 16.573843 16.606831 1.507755 0.998848
0.030000 0.996797 3.000000 1.003134 10.620779 10.668047 1.476626 0.996797
0.040000 0.993725 4.000000 0.990170 7.845038 7.907279 1.445244 0.993725
0.050000 0.989637 5.000000 0.984508 6.220303 6.297732 1.413825 0.989637
0.060000 0.984536 6.000000 0.981519 5.148062 5.240794 1.382399 0.984536
0.070000 0.978430 7.000000 0.979745 4.384954 4.493075 1.350974 0.978430
0.080000 0.971327 8.000000 0.978605 3.812679 3.936266 1.319549 0.971327
0.090000 0.963233 9.000000 0.977830 3.366616 3.505746 1.288125 0.963233
0.100000 0.954159 10.000000 0.977277 3.008419 3.163171 1.256702 0.954159
0.110000 0.944114 11.000000 0.976870 2.713868 2.884329 1.225281 0.944114
0.120000 0.933111 12.000000 0.976561 2.466906 2.653167 1.193860 0.933111
0.130000 0.921162 13.000000 0.976321 2.256457 2.458618 1.162440 0.921162
0.140000 0.908279 14.000000 0.976132 2.074636 2.292803 1.131020 0.908279
0.150000 0.894476 15.000000 0.975979 1.915670 2.149960 1.099601 0.894476
0.160000 0.879770 16.000000 0.975854 1.775240 2.025776 1.068182 0.879770
0.170000 0.864176 17.000000 0.975751 1.650045 1.916961 1.036763 0.864176
0.180000 0.847711 18.000000 0.975664 1.537520 1.820958 1.005345 0.847711
0.190000 0.830392 19.000000 0.975591 1.435640 1.735754 0.973926 0.830392
0.200000 0.812239 20.000000 0.975529 1.342787 1.659739 0.942508 0.812239
0.210000 0.793271 21.000000 0.975476 1.257651 1.591615 0.911091 0.793271
0.220000 0.773508 22.000000 0.975430 1.179157 1.530319 0.879673 0.773508
0.230000 0.752971 23.000000 0.975390 1.106419 1.474974 0.848255 0.752971
0.240000 0.731682 24.000000 0.975355 1.038697 1.424854 0.816838 0.731682
0.250000 0.709664 25.000000 0.975324 0.975368 1.379348 0.785421 0.709664
0.260000 0.686940 26.000000 0.975297 0.915904 1.337940 0.754003 0.686940
0.270000 0.663535 27.000000 0.975273 0.859853 1.300195 0.722586 0.663535
0.280000 0.639472 28.000000 0.975252 0.806829 1.265737 0.691169 0.639472
0.290000 0.614777 29.000000 0.975233 0.756496 1.234247 0.659752 0.614777
0.300000 0.589477 30.000000 0.975216 0.708560 1.205448 0.628335 0.589477
0.310000 0.563598 31.000000 0.975201 0.662768 1.179101 0.596918 0.563598
0.320000 0.537167 32.000000 0.975188 0.618892 1.154997 0.565501 0.537167
0.330000 0.510211 33.000000 0.975176 0.576735 1.132957 0.534084 0.510211
0.340000 0.482759 34.000000 0.975165 0.536117 1.112820 0.502667 0.482759
0.350000 0.454840 35.000000 0.975155 0.496880 1.094448 0.471250 0.454840
0.360000 0.426483 36.000000 0.975146 0.458882 1.077721 0.439834 0.426483
0.370000 0.397717 37.000000 0.975139 0.421991 1.062531 0.408417 0.397717
0.380000 0.368572 38.000000 0.975132 0.386092 1.048784 0.377000 0.368572
0.390000 0.339079 39.000000 0.975125 0.351076 1.036399 0.345583 0.339079
0.400000 0.309268 40.000000 0.975120 0.316844 1.025304 0.314167 0.309268
0.410000 0.279170 41.000000 0.975115 0.283304 1.015436 0.282750 0.279170
0.420000 0.248817 42.000000 0.975111 0.250372 1.006741 0.251333 0.248817
0.430000 0.218239 43.000000 0.975107 0.217967 0.999172 0.219917 0.218239
0.440000 0.187469 44.000000 0.975104 0.186015 0.992688 0.188500 0.187469
0.450000 0.156538 45.000000 0.975101 0.154444 0.987257 0.157083 0.156538
0.460000 0.125477 46.000000 0.975099 0.123187 0.982850 0.125667 0.125477
0.470000 0.094320 47.000000 0.975098 0.092176 0.979445 0.094250 0.094320
0.480000 0.063098 48.000000 0.975097 0.061349 0.977025 0.062833 0.063098
0.490000 0.031844 49.000000 0.975096 0.030644 0.975577 0.031417 0.031844
0.500000 0.000589 50.000000 0.975096 0.000000 0.975096 0.000000 0.000589
0.510000 -0.030635 51.000000 0.975096 -0.030644 0.975577 -0.031417 -0.030635
0.520000 -0.061796 52.000000 0.975097 -0.061349 0.977025 -0.062833 -0.061796
0.530000 -0.092860 53.000000 0.975098 -0.092176 0.979445 -0.094250 -0.092860
0.540000 -0.123798 54.000000 0.975099 -0.123187 0.982850 -0.125667 -0.123798
0.550000 -0.154577 55.000000 0.975101 -0.154444 0.987257 -0.157083 -0.154577
0.560000 -0.185165 56.000000 0.975104 -0.186015 0.992688 -0.188500 -0.185165
0.570000 -0.215532 57.000000 0.975107 -0.217967 0.999172 -0.219917 -0.215532
0.580000 -0.245647 58.000000 0.975111 -0.250372 1.006741 -0.251333 -0.245647
0.590000 -0.275479 59.000000 0.975115 -0.283304 1.015436 -0.282750 -0.275479
0.600000 -0.304997 60.000000 0.975120 -0.316844 1.025304 -0.314167 -0.304997
0.610000 -0.334171 61.000000 0.975125 -0.351076 1.036399 -0.345583 -0.334171
0.620000 -0.362973 62.000000 0.975132 -0.386092 1.048784 -0.377000 -0.362973
0.630000 -0.391373 63.000000 0.975139 -0.421991 1.062531 -0.408417 -0.391373
0.640000 -0.419342 64.000000 0.975146 -0.458882 1.077721 -0.439834 -0.419342
0.650000 -0.446851 65.000000 0.975155 -0.496880 1.094448 -0.471250 -0.446851
0.660000 -0.473874 66.000000 0.975165 -0.536117 1.112820 -0.502667 -0.473874
0.670000 -0.500382 67.000000 0.975176 -0.576735 1.132957 -0.534084 -0.500382
0.680000 -0.526350 68.000000 0.975188 -0.618892 1.154997 -0.565501 -0.526350
0.690000 -0.551750 69.000000 0.975201 -0.662768 1.179101 -0.596918 -0.551750
0.700000 -0.576559 70.000000 0.975216 -0.708560 1.205448 -0.628335 -0.576559
0.710000 -0.600749 71.000000 0.975233 -0.756496 1.234247 -0.659752 -0.600749
0.720000 -0.624299 72.000000 0.975252 -0.806829 1.265737 -0.691169 -0.624299
0.730000 -0.647183 73.000000 0.975273 -0.859853 1.300195 -0.722586 -0.647183
0.740000 -0.669380 74.000000 0.975297 -0.915904 1.337940 -0.754003 -0.669380
0.750000 -0.690866 75.000000 0.975324 -0.975368 1.379348 -0.785421 -0.690866
0.760000 -0.711621 76.000000 0.975355 -1.038697 1.424854 -0.816838 -0.711621
0.770000 -0.731625 77.000000 0.975390 -1.106419 1.474974 -0.848255 -0.731625
0.780000 -0.750857 78.000000 0.975430 -1.179157 1.530319 -0.879673 -0.750857
0.790000 -0.769298 79.000000 0.975476 -1.257651 1.591615 -0.911091 -0.769298
0.800000 -0.786931 80.000000 0.975529 -1.342787 1.659739 -0.942508 -0.786931
0.810000 -0.803738 81.000000 0.975591 -1.435640 1.735754 -0.973926 -0.803738
0.820000 -0.819703 82.000000 0.975664 -1.537520 1.820958 -1.005345 -0.819703
0.830000 -0.834810 83.000000 0.975751 -1.650045 1.916961 -1.036763 -0.834810
0.840000 -0.849044 84.000000 0.975854 -1.775240 2.025776 -1.068182 -0.849044
0.850000 -0.862392 85.000000 0.975979 -1.915670 2.149960 -1.099601 -0.862392
0.860000 -0.874841 86.000000 0.976132 -2.074636 2.292803 -1.131020 -0.874841
0.870000 -0.886380 87.000000 0.976321 -2.256457 2.458618 -1.162440 -0.886380
0.880000 -0.896997 88.000000 0.976561 -2.466906 2.653167 -1.193860 -0.896997
0.890000 -0.906682 89.000000 0.976870 -2.713868 2.884329 -1.225281 -0.906682
0.900000 -0.915426 90.000000 0.977277 -3.008419 3.163171 -1.256702 -0.915426
0.910000 -0.923222 91.000000 0.977830 -3.366616 3.505746 -1.288125 -0.923222
0.920000 -0.930062 92.000000 0.978605 -3.812679 3.936266 -1.319549 -0.930062
0.930000 -0.935940 93.000000 0.979745 -4.384954 4.493075 -1.350974 -0.935940
0.940000 -0.940851 94.000000 0.981519 -5.148062 5.240794 -1.382399 -0.940851
0.950000 -0.944792 95.000000 0.984508 -6.220303 6.297732 -1.413825 -0.944792
0.960000 -0.947759 96.000000 0.990170 -7.845038 7.907279 -1.445244 -0.947759
0.970000 -0.949749 97.000000 1.003134 -10.620779 10.668047 -1.476626 -0.949749
0.980000 -0.950763 98.000000 1.046217 -16.573843 16.606831 -1.507755 -0.950763
0.990000 -0.950800 99.000000 1.528402 -41.921254 41.949107 -1.534354 -0.950800
