# euler(y0, y1, ) runge2a(y0, y1, ) runge2b(y0, y1, ) runge2c(y0, y1, ) runge3(y0, y1, ) runge4a(y0, y1, ) runge4b(y0, y1, ) adams2(y0, y1, ) adams3(y0, y1, ) adams4(y0, y1, ) 
0.000000 1.000000 0.000000 1.000000 0.000000 1.000000 0.000000 1.000000 0.000000 1.000000 0.000000 1.000000 0.000000 1.000000 0.000000 1.000000 0.000000 1.000000 0.000000 1.000000 0.000000
0.100200 1.000000 0.110220 1.005522 0.109218 1.005522 0.109718 1.005522 0.109551 1.005505 0.109750 1.005510 0.109751 1.005510 0.109752 1.005510 0.109751 1.005510 0.109751 1.005510 0.109751
0.200401 1.011044 0.218436 1.021917 0.215606 1.021967 0.216610 1.021951 0.216274 1.021890 0.216660 1.021900 0.216663 1.021900 0.216663 1.021924 0.216422 1.021900 0.216663 1.021900 0.216663
0.300601 1.032931 0.321845 1.048758 0.316208 1.048909 0.317729 1.048858 0.317220 1.048722 0.317764 1.048736 0.317770 1.048736 0.317771 1.048738 0.317276 1.049539 0.318390 1.048736 0.317770
0.400802 1.065180 0.417547 1.085310 0.407856 1.085614 0.409908 1.085512 0.409221 1.085263 0.409886 1.085281 0.409895 1.085281 0.409896 1.085213 0.409128 1.086172 0.410437 1.089358 0.410059
0.501002 1.107019 0.502457 1.130512 0.487145 1.131023 0.489732 1.130852 0.488865 1.130443 0.489608 1.130466 0.489621 1.130466 0.489622 1.130275 0.488562 1.131400 0.490225 1.134015 0.489578
0.601202 1.157365 0.573295 1.182948 0.550501 1.183720 0.553604 1.183461 0.552562 1.182843 0.553343 1.182868 0.553359 1.182868 0.553361 1.182498 0.552000 1.183852 0.554020 1.186316 0.553635
0.701403 1.214810 0.626654 1.240841 0.594345 1.241926 0.597909 1.241562 0.596709 1.240677 0.597497 1.240705 0.597517 1.240705 0.597518 1.240093 0.595872 1.241742 0.598227 1.244196 0.597927
0.801603 1.277601 0.659179 1.302059 0.615360 1.303502 0.619287 1.303018 0.617960 1.301815 0.618742 1.301845 0.618764 1.301845 0.618766 1.300929 0.616882 1.302935 0.619520 1.305377 0.619243
0.901804 1.343651 0.667832 1.364160 0.610839 1.365997 0.614978 1.365380 0.613575 1.363816 0.614364 1.363849 0.614388 1.363849 0.614389 1.362572 0.612356 1.364994 0.615183 1.367426 0.614865
1.002004 1.410568 0.650234 1.424471 0.579069 1.426722 0.583222 1.425964 0.581808 1.424019 0.582647 1.424054 0.582673 1.424054 0.582674 1.422368 0.580623 1.425256 0.583499 1.427674 0.583078
1.102204 1.475721 0.605035 1.480207 0.519700 1.482871 0.523631 1.481973 0.522285 1.479651 0.523246 1.479690 0.523273 1.479691 0.523274 1.477569 0.521375 1.480952 0.524118 1.483344 0.523536
1.202405 1.536346 0.532275 1.528625 0.434029 1.531676 0.437484 1.530645 0.436291 1.527991 0.437466 1.528034 0.437493 1.528035 0.437494 1.525478 0.435945 1.529362 0.438341 1.531707 0.437552
1.302605 1.589680 0.433654 1.567199 0.325141 1.570586 0.327872 1.569439 0.326916 1.566535 0.328403 1.566583 0.328430 1.566585 0.328431 1.563626 0.327433 1.567982 0.329257 1.570254 0.328229
1.402806 1.633133 0.312666 1.593802 0.197849 1.597450 0.199643 1.596212 0.198998 1.593178 0.200885 1.593233 0.200910 1.593235 0.200912 1.589944 0.200648 1.594708 0.201687 1.596875 0.200408
1.503006 1.664462 0.174539 1.606873 0.058432 1.610685 0.059139 1.609388 0.058856 1.606376 0.061203 1.606438 0.061225 1.606440 0.061227 1.602925 0.061838 1.607994 0.061918 1.610022 0.060397
1.603206 1.681951 0.025968 1.605542 -0.085832 1.609408 -0.086279 1.608088 -0.086175 1.605270 -0.083352 1.605339 -0.083334 1.605341 -0.083332 1.601737 -0.081775 1.606978 -0.082760 1.608833 -0.084496
1.703407 1.684553 -0.125357 1.589705 -0.227266 1.593509 -0.228842 1.592205 -0.228356 1.589756 -0.225088 1.589832 -0.225075 1.589835 -0.225073 1.586297 -0.222579 1.591551 -0.224653 1.593202 -0.226559
1.803607 1.671992 -0.271369 1.560030 -0.358457 1.563659 -0.361044 1.562409 -0.360215 1.560495 -0.356576 1.560577 -0.356569 1.560580 -0.356567 1.557272 -0.353225 1.562369 -0.356324 1.563791 -0.358343
1.903808 1.644801 -0.404314 1.517898 -0.472882 1.521253 -0.476288 1.520091 -0.475178 1.518852 -0.471272 1.518939 -0.471270 1.518941 -0.471268 1.516018 -0.467239 1.520789 -0.471213 1.521966 -0.473291
2.004008 1.604288 -0.517421 1.465285 -0.565412 1.468288 -0.569393 1.467241 -0.568082 1.466781 -0.564022 1.466870 -0.564024 1.466873 -0.564022 1.464467 -0.559511 1.468761 -0.564151 1.469686 -0.566234
2.104208 1.552442 -0.605440 1.404603 -0.632632 1.407198 -0.636920 1.406286 -0.635499 1.406669 -0.631381 1.406759 -0.631385 1.406761 -0.631383 1.404977 -0.626616 1.408669 -0.631676 1.409344 -0.633726
2.204409 1.491777 -0.665004 1.338513 -0.672944 1.340674 -0.677282 1.339906 -0.675837 1.341155 -0.671723 1.341245 -0.671729 1.341247 -0.671727 1.340152 -0.666912 1.343152 -0.672146 1.343587 -0.674139
2.304609 1.425143 -0.694739 1.269747 -0.686475 1.271471 -0.690633 1.270848 -0.689243 1.272955 -0.685149 1.273045 -0.685153 1.273047 -0.685151 1.272670 -0.680458 1.274929 -0.685650 1.275138 -0.687579
2.404810 1.355530 -0.695166 1.200943 -0.674807 1.202250 -0.678608 1.201767 -0.677333 1.204699 -0.673220 1.204788 -0.673222 1.204791 -0.673219 1.205128 -0.668763 1.206634 -0.673745 1.206631 -0.675619
2.505010 1.285874 -0.668398 1.134515 -0.640620 1.135443 -0.643941 1.135087 -0.642824 1.138800 -0.638606 1.138889 -0.638603 1.138892 -0.638600 1.139916 -0.634429 1.140686 -0.639098 1.140487 -0.640938
2.605210 1.218901 -0.617729 1.072564 -0.587290 1.073161 -0.590062 1.072916 -0.589129 1.077366 -0.584677 1.077457 -0.584668 1.077460 -0.584666 1.079125 -0.580768 1.079201 -0.585086 1.078818 -0.586922
2.705411 1.157004 -0.547172 1.016828 -0.518511 1.017149 -0.520713 1.016997 -0.519972 1.022149 -0.515133 1.022243 -0.515119 1.022246 -0.515116 1.024501 -0.511430 1.023938 -0.515416 1.023377 -0.517281
2.805611 1.102177 -0.461032 0.968666 -0.437994 0.968767 -0.439641 0.968689 -0.439088 0.974526 -0.433696 0.974624 -0.433674 0.974628 -0.433670 0.977423 -0.430103 0.976279 -0.433820 0.975543 -0.435748
2.905812 1.055981 -0.363559 0.929071 -0.349253 0.929007 -0.350379 0.928984 -0.350004 0.935509 -0.343894 0.935613 -0.343863 0.935617 -0.343859 0.938912 -0.340299 0.937244 -0.343834 0.936327 -0.345858
3.006012 1.019553 -0.258716 0.898697 -0.255496 0.898520 -0.256143 0.898535 -0.255933 0.905773 -0.248952 0.905885 -0.248910 0.905889 -0.248905 0.909654 -0.245241 0.907509 -0.248694 0.906402 -0.250842
3.106212 0.993629 -0.150074 0.877894 -0.159606 0.877652 -0.159816 0.877687 -0.159758 0.885684 -0.151774 0.885805 -0.151720 0.885811 -0.151715 0.890030 -0.147848 0.887444 -0.151310 0.886133 -0.153609
3.206413 0.978592 -0.040805 0.866738 -0.064198 0.866473 -0.064001 0.866515 -0.064085 0.875334 -0.054998 0.875466 -0.054931 0.875472 -0.054924 0.880143 -0.050777 0.877141 -0.054327 0.875607 -0.056797
3.306613 0.974503 0.066233 0.865055 0.028289 0.864809 0.028874 0.864842 0.028655 0.874558 0.038906 0.874701 0.038988 0.874708 0.038996 0.879838 0.043471 0.876434 0.039782 0.874658 0.037125
3.406814 0.981140 0.168373 0.872432 0.115478 0.872243 0.116442 0.872255 0.116091 0.882947 0.127523 0.883103 0.127621 0.883110 0.127629 0.888712 0.132448 0.884914 0.128594 0.882873 0.125741
3.507014 0.998011 0.263006 0.888219 0.194958 0.888125 0.196300 0.888102 0.195817 0.899848 0.208392 0.900018 0.208507 0.900027 0.208516 0.906115 0.213663 0.901926 0.209648 0.899600 0.206597
3.607214 1.024364 0.347468 0.911520 0.264234 0.911560 0.265951 0.911488 0.265336 0.924359 0.278960 0.924544 0.279089 0.924553 0.279099 0.931140 0.284529 0.926565 0.280382 0.923932 0.277140
3.707415 1.059181 0.418992 0.941185 0.320737 0.941398 0.322814 0.941264 0.322073 0.955316 0.336585 0.955516 0.336729 0.955526 0.336739 0.962615 0.342380 0.957662 0.338152 0.954706 0.334739
3.807615 1.101164 0.474729 0.975804 0.361909 0.976226 0.364312 0.976017 0.363456 0.991289 0.378637 0.991504 0.378791 0.991515 0.378802 0.999100 0.384563 0.993787 0.380320 0.990492 0.376767
3.907816 1.148732 0.511856 1.013716 0.385374 1.014379 0.388039 1.014084 0.387090 1.030591 0.402662 1.030823 0.402823 1.030835 0.402834 1.038896 0.408612 1.033248 0.404426 1.029605 0.400779
4.008016 1.200020 0.527780 1.053034 0.389166 1.053965 0.391995 1.053575 0.390987 1.071311 0.406625 1.071559 0.406789 1.071573 0.406800 1.080077 0.412490 1.074131 0.408432 1.070134 0.404747
4.108216 1.252904 0.520404 1.091704 0.372002 1.092918 0.374863 1.092428 0.373841 1.111363 0.389189 1.111627 0.389350 1.111642 0.389361 1.120549 0.394866 1.114347 0.390992 1.109997 0.387341
4.208417 1.305048 0.488445 1.127584 0.333553 1.129083 0.336285 1.128491 0.335305 1.148576 0.349993 1.148856 0.350147 1.148872 0.350157 1.158133 0.355392 1.151721 0.351743 1.147028 0.348203
4.308617 1.353991 0.431745 1.158552 0.274665 1.160321 0.277091 1.159632 0.276213 1.180800 0.289880 1.181096 0.290021 1.181114 0.290031 1.190678 0.294930 1.184101 0.291522 1.179079 0.288180
4.408818 1.397252 0.351526 1.182635 0.197485 1.184642 0.199427 1.183866 0.198714 1.206038 0.211025 1.206349 0.211148 1.206367 0.211156 1.216190 0.215673 1.209486 0.212503 1.204156 0.209446
4.509018 1.432475 0.250543 1.198140 0.105447 1.200335 0.106750 1.199491 0.106254 1.222574 0.116923 1.222899 0.117022 1.222918 0.117030 1.232962 0.121134 1.226159 0.118182 1.220549 0.115494
4.609218 1.457579 0.133072 1.203784 0.003103 1.206100 0.003652 1.205210 0.003417 1.229107 0.012218 1.229444 0.012291 1.229464 0.012297 1.239703 0.015969 1.232813 0.013207 1.226957 0.010961
4.709419 1.470913 0.004725 1.198784 -0.104188 1.201145 -0.104450 1.200235 -0.104405 1.224843 -0.097617 1.225190 -0.097574 1.225211 -0.097569 1.235632 -0.094343 1.228650 -0.096942 1.222588 -0.098687
4.809619 1.471387 -0.127920 1.182928 -0.210701 1.185252 -0.211766 1.184351 -0.211441 1.209561 -0.206726 1.209915 -0.206713 1.209936 -0.206710 1.220540 -0.203944 1.213444 -0.206392 1.207219 -0.207601
4.909820 1.458569 -0.257831 1.156583 -0.310830 1.158790 -0.312623 1.157926 -0.312041 1.183624 -0.309362 1.183982 -0.309379 1.184003 -0.309378 1.194797 -0.307086 1.187555 -0.309383 1.181214 -0.310046
5.010020 1.432734 -0.378119 1.120659 -0.399569 1.122678 -0.401959 1.121875 -0.401165 1.147947 -0.400385 1.148304 -0.400430 1.148326 -0.400429 1.159322 -0.398620 1.151895 -0.400750 1.145484 -0.400889
5.110220 1.394847 -0.482631 1.076527 -0.472917 1.078298 -0.475729 1.077578 -0.474781 1.103909 -0.475665 1.104263 -0.475733 1.104284 -0.475734 1.115493 -0.474405 1.107841 -0.476344 1.101408 -0.476010
5.210421 1.346487 -0.566464 1.025899 -0.528140 1.027383 -0.531183 1.026760 -0.530147 1.053242 -0.532366 1.053590 -0.532451 1.053611 -0.532453 1.065038 -0.531577 1.057125 -0.533307 1.050713 -0.532581
5.310621 1.289727 -0.626315 0.970694 -0.563890 0.971870 -0.566975 0.971353 -0.565915 0.997891 -0.569060 0.998230 -0.569156 0.998250 -0.569159 1.009895 -0.568675 1.001697 -0.570193 0.995342 -0.569182
5.410822 1.226970 -0.660645 0.912898 -0.580155 0.913763 -0.583113 0.913352 -0.582090 0.939873 -0.585686 0.940203 -0.585786 0.940223 -0.585789 0.952079 -0.585597 0.943579 -0.586931 0.937311 -0.585758
5.511022 1.160773 -0.669627 0.854431 -0.578080 0.855000 -0.580779 0.854692 -0.579839 0.881153 -0.583371 0.881472 -0.583469 0.881492 -0.583472 0.893552 -0.583426 0.884743 -0.584642 0.878577 -0.583440
5.611222 1.093676 -0.654917 0.797050 -0.559700 0.797349 -0.562048 0.797134 -0.561226 0.823530 -0.564160 0.823841 -0.564249 0.823860 -0.564251 0.836118 -0.564168 0.826998 -0.565372 0.820940 -0.564278
5.711423 1.028053 -0.619309 0.742268 -0.527630 0.742332 -0.529580 0.742199 -0.528893 0.768570 -0.530700 0.768873 -0.530775 0.768892 -0.530777 0.781350 -0.530442 0.771919 -0.531776 0.765959 -0.530918
5.811623 0.965998 -0.566322 0.691316 -0.484763 0.691185 -0.486305 0.691121 -0.485761 0.717554 -0.485936 0.717851 -0.485993 0.717869 -0.485994 0.730544 -0.485174 0.720795 -0.486811 0.714910 -0.486306
5.911824 0.909252 -0.499799 0.645128 -0.434019 0.644841 -0.435172 0.644832 -0.434766 0.671464 -0.432848 0.671757 -0.432884 0.671776 -0.432883 0.684702 -0.431341 0.674618 -0.433466 0.668771 -0.433418
6.012024 0.859172 -0.423576 0.604348 -0.378147 0.603945 -0.378950 0.603976 -0.378670 0.630990 -0.374254 0.631284 -0.374263 0.631303 -0.374260 0.644534 -0.371772 0.634084 -0.374574 0.628230 -0.375067
6.112224 0.816730 -0.341230 0.569360 -0.319611 0.568874 -0.320111 0.568933 -0.319944 0.596557 -0.312685 0.596853 -0.312666 0.596873 -0.312661 0.610487 -0.309023 0.599622 -0.312678 0.593703 -0.313781
6.212425 0.782538 -0.255947 0.540313 -0.260541 0.539775 -0.260788 0.539851 -0.260717 0.568348 -0.250344 0.568651 -0.250295 0.568671 -0.250287 0.582766 -0.245330 0.571419 -0.249992 0.565373 -0.251754
6.312625 0.756892 -0.170480 0.517163 -0.202742 0.516597 -0.202779 0.516681 -0.202791 0.546345 -0.189112 0.546657 -0.189029 0.546678 -0.189019 0.561370 -0.182617 0.549459 -0.188405 0.543216 -0.190859
6.412826 0.739810 -0.087186 0.499700 -0.147736 0.499127 -0.147600 0.499210 -0.147682 0.530353 -0.130593 0.530678 -0.130476 0.530701 -0.130464 0.546120 -0.122541 0.533549 -0.129534 0.527036 -0.132694
6.513026 0.731074 -0.008122 0.487572 -0.096834 0.487010 -0.096550 0.487085 -0.096695 0.520031 -0.076193 0.520372 -0.076042 0.520395 -0.076027 0.536680 -0.066565 0.523344 -0.074789 0.516489 -0.078652
6.613226 0.730260 0.064854 0.480308 -0.051193 0.479771 -0.050782 0.479832 -0.050981 0.514900 -0.027183 0.515259 -0.026998 0.515285 -0.026981 0.532574 -0.016023 0.518365 -0.025453 0.511097 -0.029990
6.713427 0.736759 0.129973 0.477324 -0.011873 0.476826 -0.011349 0.476868 -0.011597 0.514360 0.015249 0.514741 0.015465 0.514768 0.015484 0.533195 0.027824 0.518009 0.017277 0.510261 0.012117
6.813627 0.749782 0.185493 0.477936 0.020140 0.477489 0.020766 0.477506 0.020474 0.517695 0.049971 0.518101 0.050214 0.518130 0.050235 0.537813 0.063771 0.521556 0.052256 0.513270 0.046553
6.913828 0.768369 0.229676 0.481365 0.043951 0.480980 0.044661 0.480967 0.044332 0.524079 0.075925 0.524511 0.076189 0.524542 0.076212 0.545578 0.090685 0.528175 0.078415 0.519300 0.072281
7.014028 0.791382 0.260826 0.486747 0.058792 0.486432 0.059563 0.486386 0.059208 0.532586 0.092182 0.533045 0.092461 0.533078 0.092485 0.555533 0.107563 0.536932 0.094812 0.527432 0.088388
7.114228 0.817517 0.277391 0.493148 0.064105 0.492910 0.064904 0.492829 0.064536 0.542204 0.098028 0.542692 0.098313 0.542728 0.098337 0.566631 0.113628 0.546811 0.100722 0.536667 0.094181
7.214429 0.845312 0.278115 0.499594 0.059628 0.499435 0.060414 0.499317 0.060050 0.551869 0.093078 0.552385 0.093359 0.552424 0.093383 0.577763 0.108444 0.556739 0.095748 0.545948 0.089286
7.314629 0.873179 0.262228 0.505098 0.045499 0.505018 0.046219 0.504864 0.045880 0.560497 0.077383 0.561041 0.077650 0.561082 0.077673 0.587800 0.092035 0.565622 0.079936 0.554204 0.073768
7.414830 0.899454 0.229639 0.508712 0.022325 0.508705 0.022923 0.508517 0.022631 0.567036 0.051529 0.567606 0.051772 0.567649 0.051792 0.595646 0.064983 0.572402 0.053867 0.560395 0.048213
7.515030 0.922464 0.181110 0.509574 -0.008778 0.509627 -0.008355 0.509410 -0.008578 0.570522 0.016681 0.571115 0.016889 0.571160 0.016907 0.600291 0.028479 0.576103 0.018709 0.563570 0.013782
7.615230 0.940612 0.118360 0.506958 -0.046196 0.507053 -0.045995 0.506815 -0.046130 0.570134 -0.025424 0.570747 -0.025260 0.570794 -0.025245 0.600881 -0.015682 0.575900 -0.023791 0.562921 -0.027801
7.715431 0.952471 0.044077 0.500323 -0.087904 0.500438 -0.087956 0.500187 -0.087990 0.565255 -0.072559 0.565884 -0.072446 0.565932 -0.072435 0.596767 -0.065191 0.571166 -0.071395 0.557838 -0.074332
7.815631 0.956888 -0.038176 0.489351 -0.131597 0.489460 -0.131913 0.489207 -0.131840 0.555507 -0.122160 0.556146 -0.122103 0.556195 -0.122096 0.587550 -0.117374 0.561518 -0.121514 0.547950 -0.123275
7.915832 0.953063 -0.124187 0.473961 -0.174878 0.474038 -0.175443 0.473793 -0.175266 0.540779 -0.171523 0.541422 -0.171523 0.541472 -0.171521 0.573112 -0.169405 0.546840 -0.171421 0.533148 -0.171959
8.016032 0.940619 -0.209405 0.454315 -0.215458 0.454335 -0.216236 0.454109 -0.215967 0.521226 -0.218035 0.521868 -0.218092 0.521918 -0.218094 0.553609 -0.218542 0.527285 -0.218475 0.513589 -0.217809
8.116232 0.919637 -0.289323 0.430792 -0.251356 0.430734 -0.252291 0.430536 -0.251950 0.497254 -0.259401 0.497889 -0.259510 0.497938 -0.259515 0.529460 -0.262360 0.503260 -0.260349 0.489674 -0.258562
8.216433 0.890646 -0.359869 0.403950 -0.281058 0.403799 -0.282082 0.403636 -0.281695 0.469472 -0.293825 0.470095 -0.293979 0.470144 -0.293988 0.501297 -0.298946 0.475377 -0.295222 0.462006 -0.292454
8.316633 0.854587 -0.417749 0.374473 -0.303627 0.374220 -0.304669 0.374096 -0.304261 0.438641 -0.320143 0.439248 -0.320332 0.439295 -0.320344 0.469912 -0.327034 0.444402 -0.321906 0.431334 -0.318345
8.416834 0.812729 -0.460701 0.343107 -0.318735 0.342749 -0.319727 0.342667 -0.319326 0.405602 -0.337869 0.406189 -0.338082 0.406235 -0.338096 0.436184 -0.346058 0.411185 -0.339896 0.398491 -0.335768
8.517034 0.766566 -0.487618 0.310600 -0.326635 0.310144 -0.327522 0.310101 -0.327149 0.371213 -0.347170 0.371778 -0.347396 0.371823 -0.347411 0.401015 -0.356136 0.376594 -0.349350 0.364320 -0.344898
8.617234 0.717707 -0.498545 0.277649 -0.328073 0.277104 -0.328817 0.277099 -0.328490 0.336286 -0.348779 0.336828 -0.349007 0.336871 -0.349022 0.365262 -0.357976 0.341450 -0.351000 0.329620 -0.346473
8.717435 0.667752 -0.494538 0.244854 -0.324165 0.244234 -0.324746 0.244262 -0.324475 0.301536 -0.343859 0.302056 -0.344079 0.302097 -0.344093 0.329689 -0.352741 0.306480 -0.346012 0.295094 -0.341651
8.817635 0.618199 -0.477444 0.212686 -0.316254 0.212008 -0.316671 0.212063 -0.316461 0.267547 -0.333850 0.268045 -0.334052 0.268085 -0.334065 0.294928 -0.341894 0.272279 -0.335835 0.261314 -0.331861
8.917836 0.570359 -0.449631 0.181477 -0.305769 0.180755 -0.306039 0.180831 -0.305887 0.234750 -0.320310 0.235230 -0.320485 0.235269 -0.320496 0.261456 -0.327034 0.239290 -0.322041 0.228699 -0.318649
9.018036 0.525306 -0.413708 0.151411 -0.294107 0.150660 -0.294256 0.150752 -0.294156 0.203422 -0.304778 0.203886 -0.304920 0.203924 -0.304928 0.229592 -0.309754 0.207797 -0.306185 0.197516 -0.303540
9.118236 0.483852 -0.372285 0.122540 -0.282530 0.121771 -0.282595 0.121873 -0.282538 0.173690 -0.288668 0.174142 -0.288772 0.174180 -0.288776 0.199502 -0.291532 0.177935 -0.289696 0.167883 -0.287931
9.218437 0.446549 -0.327785 0.094795 -0.272098 0.094016 -0.272122 0.094124 -0.272094 0.145550 -0.273191 0.145995 -0.273252 0.146032 -0.273253 0.171216 -0.273642 0.149705 -0.273798 0.139790 -0.273015
9.318637 0.413705 -0.282322 0.068014 -0.263627 0.067229 -0.263652 0.067340 -0.263641 0.118887 -0.259305 0.119329 -0.259321 0.119367 -0.259318 0.144647 -0.257115 0.122997 -0.259466 0.113116 -0.259736
9.418838 0.385416 -0.237654 0.041967 -0.257663 0.041174 -0.257732 0.041288 -0.257724 0.093507 -0.247699 0.093950 -0.247667 0.093988 -0.247660 0.119621 -0.242710 0.097617 -0.247398 0.087662 -0.248767
9.519038 0.361603 -0.195176 0.016380 -0.254474 0.015577 -0.254628 0.015692 -0.254610 0.069157 -0.238783 0.069606 -0.238704 0.069645 -0.238692 0.095901 -0.230911 0.073315 -0.238019 0.063174 -0.240501
9.619238 0.342047 -0.155962 -0.009029 -0.254055 -0.009852 -0.254329 -0.009735 -0.254288 0.045559 -0.232701 0.046019 -0.232575 0.046059 -0.232559 0.073215 -0.221943 0.049812 -0.231482 0.039372 -0.235064
9.719439 0.326419 -0.120821 -0.034532 -0.256127 -0.035387 -0.256554 -0.035265 -0.256479 0.022432 -0.229342 0.022907 -0.229171 0.022949 -0.229151 0.051281 -0.215782 0.026826 -0.227690 0.015978 -0.232328
9.819639 0.314313 -0.090360 -0.060357 -0.260164 -0.061259 -0.260766 -0.061129 -0.260648 -0.000482 -0.228361 0.000013 -0.228148 0.000057 -0.228125 0.029831 -0.212182 0.004097 -0.226310 -0.007263 -0.231925
9.919840 0.305259 -0.065037 -0.086670 -0.265403 -0.087635 -0.266199 -0.087493 -0.266030 -0.023393 -0.229202 -0.022876 -0.228952 -0.022829 -0.228925 0.008631 -0.210696 -0.018592 -0.226803 -0.030557 -0.233275
10.020040 0.298742 -0.045199 -0.113545 -0.270893 -0.114594 -0.271887 -0.114434 -0.271662 -0.046450 -0.231131 -0.045906 -0.230852 -0.045856 -0.230822 -0.012499 -0.210709 -0.041393 -0.228450 -0.054043 -0.235620
10.120240 0.294213 -0.031095 -0.140957 -0.275539 -0.142108 -0.276723 -0.141925 -0.276442 -0.069720 -0.233281 -0.069146 -0.232981 -0.069093 -0.232949 -0.033671 -0.211474 -0.064381 -0.230403 -0.077777 -0.238066
10.220441 0.291097 -0.022873 -0.168764 -0.278180 -0.170035 -0.279530 -0.169824 -0.279197 -0.093176 -0.234706 -0.092572 -0.234396 -0.092516 -0.234363 -0.054916 -0.212163 -0.087540 -0.231730 -0.101721 -0.239641
10.320641 0.288806 -0.020554 -0.196705 -0.277678 -0.198112 -0.279153 -0.197867 -0.278777 -0.116699 -0.234454 -0.116064 -0.234145 -0.116004 -0.234113 -0.076184 -0.211926 -0.110760 -0.231493 -0.125738 -0.239373
10.420842 0.286746 -0.024002 -0.224411 -0.273029 -0.225964 -0.274570 -0.225682 -0.274165 -0.140075 -0.231649 -0.139410 -0.231355 -0.139347 -0.231323 -0.097340 -0.209964 -0.133841 -0.228827 -0.149598 -0.236370
10.521042 0.284341 -0.032880 -0.251420 -0.263469 -0.253126 -0.265005 -0.252804 -0.264591 -0.163012 -0.225579 -0.162318 -0.225312 -0.162253 -0.225284 -0.118175 -0.205598 -0.156501 -0.223022 -0.172989 -0.229914
10.621242 0.281046 -0.046625 -0.277211 -0.248587 -0.279067 -0.250034 -0.278704 -0.249634 -0.185156 -0.215783 -0.184438 -0.215556 -0.184370 -0.215531 -0.138422 -0.198350 -0.178402 -0.213611 -0.195541 -0.219548
10.721443 0.276375 -0.064440 -0.301239 -0.228398 -0.303234 -0.229669 -0.302832 -0.229307 -0.206125 -0.202115 -0.205387 -0.201940 -0.205316 -0.201920 -0.157781 -0.188002 -0.199171 -0.200437 -0.216852 -0.205146
10.821643 0.269918 -0.085304 -0.322986 -0.203384 -0.325100 -0.204399 -0.324663 -0.204100 -0.225537 -0.184793 -0.224785 -0.184678 -0.224713 -0.184664 -0.175943 -0.174634 -0.218440 -0.183694 -0.236526 -0.186954
10.921844 0.261370 -0.108026 -0.342003 -0.174495 -0.344210 -0.175183 -0.343745 -0.174968 -0.243053 -0.164395 -0.242293 -0.164347 -0.242220 -0.164340 -0.192627 -0.158642 -0.235875 -0.163932 -0.254213 -0.165593
11.022044 0.250546 -0.131312 -0.357960 -0.143075 -0.360227 -0.143390 -0.359742 -0.143275 -0.258408 -0.141835 -0.257648 -0.141857 -0.257574 -0.141855 -0.207604 -0.140709 -0.251217 -0.142031 -0.269640 -0.142024
11.122244 0.237388 -0.153871 -0.370682 -0.110768 -0.372969 -0.110688 -0.372476 -0.110680 -0.271442 -0.118284 -0.270688 -0.118373 -0.270615 -0.118379 -0.220728 -0.121760 -0.264305 -0.119125 -0.282645 -0.117474
11.222445 0.221971 -0.174519 -0.380166 -0.079368 -0.382435 -0.078899 -0.381943 -0.078998 -0.282122 -0.095072 -0.281381 -0.095224 -0.281308 -0.095236 -0.231954 -0.102876 -0.275104 -0.096511 -0.293199 -0.093325
11.322645 0.204484 -0.192286 -0.386594 -0.050667 -0.388807 -0.049844 -0.388327 -0.050042 -0.290550 -0.073575 -0.289828 -0.073783 -0.289757 -0.073800 -0.241348 -0.085208 -0.283710 -0.075533 -0.301412 -0.071001
11.422846 0.185216 -0.206497 -0.390325 -0.026312 -0.392448 -0.025192 -0.391989 -0.025474 -0.296966 -0.055101 -0.296268 -0.055355 -0.296198 -0.055376 -0.249090 -0.069878 -0.290351 -0.057478 -0.307536 -0.051852
11.523046 0.164525 -0.216826 -0.391871 -0.007686 -0.393875 -0.006342 -0.393446 -0.006689 -0.301731 -0.040799 -0.301061 -0.041085 -0.300994 -0.041110 -0.255469 -0.057902 -0.295379 -0.043477 -0.311950 -0.037050
11.623246 0.142799 -0.223310 -0.391867 0.004171 -0.393733 0.005657 -0.393340 0.005269 -0.305312 -0.031583 -0.304671 -0.031890 -0.304607 -0.031916 -0.260862 -0.050123 -0.299245 -0.034440 -0.315138 -0.027529
11.723447 0.120424 -0.226318 -0.391036 0.008589 -0.392751 0.010135 -0.392397 0.009728 -0.308253 -0.028106 -0.307643 -0.028421 -0.307581 -0.028448 -0.265723 -0.047178 -0.302482 -0.031021 -0.317665 -0.023943
11.823647 0.097746 -0.226496 -0.390146 0.005258 -0.391706 0.006788 -0.391393 0.006384 -0.311149 -0.030754 -0.310571 -0.031063 -0.310512 -0.031090 -0.270559 -0.049490 -0.305675 -0.033611 -0.320146 -0.026669
11.923848 0.075051 -0.224682 -0.389982 -0.005818 -0.391390 -0.004368 -0.391117 -0.004752 -0.314625 -0.039666 -0.314077 -0.039961 -0.314021 -0.039986 -0.275905 -0.057274 -0.309434 -0.042364 -0.323223 -0.035833
12.024048 0.052538 -0.221810 -0.391312 -0.024378 -0.392578 -0.023063 -0.392343 -0.023413 -0.319306 -0.054779 -0.318786 -0.055048 -0.318732 -0.055071 -0.282311 -0.070568 -0.314375 -0.057230 -0.327537 -0.051348
12.124248 0.030313 -0.218824 -0.394869 -0.049976 -0.396007 -0.048838 -0.395806 -0.049142 -0.325802 -0.075861 -0.325308 -0.076098 -0.325256 -0.076118 -0.290324 -0.089255 -0.321103 -0.077994 -0.333715 -0.072959
12.224449 0.008386 -0.216595 -0.401332 -0.082027 -0.402360 -0.081100 -0.402188 -0.081349 -0.334694 -0.102553 -0.334224 -0.102752 -0.334173 -0.102768 -0.300469 -0.113092 -0.330192 -0.104311 -0.342348 -0.100281
12.324649 -0.013317 -0.215860 -0.411314 -0.119842 -0.412254 -0.119155 -0.412106 -0.119340 -0.346523 -0.134383 -0.346071 -0.134540 -0.346023 -0.134551 -0.313246 -0.141718 -0.342178 -0.135725 -0.353984 -0.132818
12.424850 -0.034946 -0.217175 -0.425357 -0.162634 -0.426232 -0.162212 -0.426103 -0.162327 -0.361775 -0.170766 -0.361338 -0.170878 -0.361290 -0.170883 -0.329111 -0.174652 -0.357542 -0.171663 -0.369118 -0.169961
12.525050 -0.056707 -0.220887 -0.443917 -0.209491 -0.444755 -0.209362 -0.444636 -0.209398 -0.380870 -0.210980 -0.380444 -0.211046 -0.380396 -0.211047 -0.348464 -0.211266 -0.376705 -0.211417 -0.388174 -0.210968
12.625251 -0.078840 -0.227118 -0.467352 -0.259340 -0.468181 -0.259532 -0.468065 -0.259479 -0.404150 -0.254129 -0.403730 -0.254150 -0.403682 -0.254145 -0.371634 -0.250753 -0.400007 -0.254103 -0.411495 -0.254923
12.725451 -0.101597 -0.235753 -0.495902 -0.310881 -0.496755 -0.311427 -0.496634 -0.311275 -0.431855 -0.299090 -0.431436 -0.299067 -0.431388 -0.299058 -0.398860 -0.292077 -0.427687 -0.298608 -0.439321 -0.300681
12.825651 -0.125220 -0.246440 -0.529666 -0.362538 -0.530579 -0.363472 -0.530441 -0.363208 -0.464098 -0.344464 -0.463677 -0.344401 -0.463627 -0.344386 -0.430259 -0.333930 -0.459860 -0.343547 -0.471765 -0.346823
12.925852 -0.149913 -0.258592 -0.568568 -0.412412 -0.569578 -0.413765 -0.569414 -0.413377 -0.500839 -0.388542 -0.500412 -0.388441 -0.500360 -0.388422 -0.465806 -0.374703 -0.496488 -0.387223 -0.508779 -0.391616
13.026052 -0.175824 -0.271398 -0.612325 -0.458278 -0.613475 -0.460069 -0.613271 -0.459548 -0.541849 -0.429299 -0.541411 -0.429165 -0.541357 -0.429142 -0.505296 -0.412482 -0.537345 -0.427626 -0.550130 -0.433010
13.126253 -0.203018 -0.283842 -0.660415 -0.497619 -0.661750 -0.499851 -0.661492 -0.499194 -0.586681 -0.464432 -0.586230 -0.464272 -0.586173 -0.464246 -0.548317 -0.445090 -0.581989 -0.462468 -0.595361 -0.468676
13.226453 -0.231459 -0.294743 -0.712054 -0.527735 -0.713615 -0.530383 -0.713291 -0.529594 -0.634649 -0.491458 -0.634181 -0.491279 -0.634122 -0.491251 -0.594232 -0.470178 -0.629741 -0.489285 -0.643775 -0.496103
13.326653 -0.260993 -0.302814 -0.766177 -0.545906 -0.768006 -0.548915 -0.767603 -0.548008 -0.684815 -0.507872 -0.684328 -0.507682 -0.684266 -0.507652 -0.642164 -0.485374 -0.679671 -0.505583 -0.694417 -0.512757
13.426854 -0.291335 -0.306743 -0.821455 -0.549632 -0.823587 -0.552905 -0.823093 -0.551907 -0.735995 -0.511354 -0.735489 -0.511163 -0.735424 -0.511132 -0.691006 -0.488488 -0.730606 -0.509060 -0.746088 -0.516296
13.527054 -0.322071 -0.305295 -0.876324 -0.536900 -0.878783 -0.540301 -0.878189 -0.539253 -0.786795 -0.500028 -0.786270 -0.499846 -0.786202 -0.499816 -0.739452 -0.477744 -0.781165 -0.497846 -0.797376 -0.504824
13.627255 -0.352661 -0.297439 -0.929050 -0.506477 -0.931848 -0.509834 -0.931149 -0.508789 -0.835665 -0.472720 -0.835123 -0.472558 -0.835053 -0.472530 -0.786053 -0.452032 -0.829811 -0.470772 -0.846710 -0.477161
13.727455 -0.382465 -0.282473 -0.977824 -0.458164 -0.980952 -0.461281 -0.980150 -0.460299 -0.880984 -0.429199 -0.880428 -0.429066 -0.880355 -0.429042 -0.829292 -0.411123 -0.874936 -0.427600 -0.892448 -0.433075
13.827655 -0.410769 -0.260144 -1.020873 -0.392977 -1.024303 -0.395653 -1.023406 -0.394798 -0.921161 -0.370338 -0.920595 -0.370243 -0.920519 -0.370225 -0.867684 -0.355831 -0.914963 -0.369190 -0.932980 -0.373458
13.927856 -0.436835 -0.230738 -1.056588 -0.313216 -1.060274 -0.315262 -1.059294 -0.314594 -0.954751 -0.298181 -0.954180 -0.298132 -0.954103 -0.298119 -0.899883 -0.288063 -0.948458 -0.297563 -0.966843 -0.300382
14.028056 -0.459955 -0.195124 -1.083656 -0.222381 -1.087533 -0.223642 -1.086490 -0.223212 -0.980571 -0.215871 -0.980000 -0.215873 -0.979923 -0.215867 -0.924790 -0.210755 -0.974246 -0.215832 -0.992840 -0.217033
14.128257 -0.479507 -0.154738 -1.101172 -0.124948 -1.105158 -0.125323 -1.104076 -0.125165 -0.997801 -0.127449 -0.997236 -0.127503 -0.997158 -0.127504 -0.941643 -0.127686 -0.991509 -0.128004 -1.010140 -0.127505
14.228457 -0.495011 -0.111504 -1.108718 -0.026016 -1.112723 -0.025471 -1.111630 -0.025598 -1.006056 -0.037535 -1.005502 -0.037640 -1.005424 -0.037649 -0.950091 -0.043178 -0.999865 -0.038664 -1.018353 -0.036477
14.328657 -0.506184 -0.067688 -1.106408 0.069129 -1.110341 0.070557 -1.109266 0.070155 -1.005427 0.049063 -1.004890 0.048909 -1.004814 0.048894 -0.950224 0.038266 -0.999399 0.047411 -1.017574 0.051183
14.428858 -0.512966 -0.025714 -1.094884 0.155467 -1.098658 0.157673 -1.097628 0.157027 -0.996482 0.127759 -0.995965 0.127563 -0.995890 0.127541 -0.942575 0.112344 -0.990670 0.125661 -1.008374 0.130832
14.529058 -0.515543 0.012044 -1.075269 0.228653 -1.078808 0.231481 -1.077846 0.230640 -0.980218 0.194565 -0.979724 0.194334 -0.979652 0.194307 -0.928078 0.175301 -0.974664 0.192116 -0.991765 0.198437
14.629259 -0.514336 0.043465 -1.049074 0.285332 -1.052319 0.288593 -1.051444 0.287615 -0.957990 0.246376 -0.957523 0.246118 -0.957453 0.246087 -0.908000 0.224200 -0.952723 0.243678 -0.969119 0.250858
14.729459 -0.509981 0.066839 -1.018096 0.323316 -1.021006 0.326806 -1.020231 0.325755 -0.931414 0.281136 -0.930973 0.280860 -0.930907 0.280827 -0.883851 0.257074 -0.926449 0.278293 -0.942070 0.286019
14.829659 -0.503284 0.080977 -0.984285 0.341613 -0.986842 0.345140 -0.986173 0.344076 -0.902253 0.297875 -0.901841 0.297590 -0.901778 0.297556 -0.857284 0.272962 -0.897597 0.294984 -0.912406 0.302944
14.929860 -0.495170 0.085251 -0.949637 0.340338 -0.951839 0.343732 -0.951277 0.342709 -0.872321 0.296625 -0.871938 0.296339 -0.871878 0.296305 -0.830000 0.271842 -0.867967 0.293772 -0.881961 0.301674
15.030060 -0.486628 0.079566 -0.916081 0.320514 -0.917944 0.323641 -0.917485 0.322700 -0.843382 0.278253 -0.843027 0.277973 -0.842970 0.277940 -0.803660 0.254474 -0.839316 0.275513 -0.852520 0.283094
15.130261 -0.478655 0.064287 -0.885406 0.283833 -0.886959 0.286596 -0.886593 0.285768 -0.817081 0.244243 -0.816754 0.243976 -0.816701 0.243945 -0.779819 0.222204 -0.813283 0.241677 -0.825748 0.248712
15.230461 -0.472214 0.040136 -0.859204 0.232403 -0.860484 0.234743 -0.860200 0.234046 -0.794894 0.196471 -0.794594 0.196222 -0.794543 0.196194 -0.759879 0.176759 -0.791339 0.194127 -0.803134 0.200433
15.330661 -0.468192 0.008075 -0.838840 0.168536 -0.839890 0.170419 -0.839675 0.169863 -0.778096 0.137010 -0.777821 0.136782 -0.777773 0.136758 -0.745059 0.120060 -0.774758 0.134924 -0.785968 0.140359
15.430862 -0.467383 -0.030795 -0.825442 0.094581 -0.826307 0.095997 -0.826147 0.095583 -0.767752 0.067983 -0.767502 0.067778 -0.767456 0.067758 -0.736385 0.054097 -0.764603 0.066181 -0.775324 0.070640
15.531062 -0.470468 -0.075300 -0.819902 0.012845 -0.820630 0.013789 -0.820511 0.013520 -0.764716 -0.008512 -0.764488 -0.008693 -0.764444 -0.008709 -0.734685 -0.019150 -0.761726 -0.010013 -0.772061 -0.006600
15.631263 -0.478014 -0.124236 -0.822888 -0.074428 -0.823525 -0.073957 -0.823432 -0.074082 -0.769632 -0.090415 -0.769424 -0.090574 -0.769382 -0.090585 -0.740590 -0.097720 -0.766772 -0.091608 -0.776828 -0.089278
15.731463 -0.490462 -0.176360 -0.834841 -0.165008 -0.835435 -0.165017 -0.835354 -0.164996 -0.782940 -0.175660 -0.782751 -0.175798 -0.782709 -0.175804 -0.754536 -0.179628 -0.780179 -0.176545 -0.790066 -0.175308
15.831663 -0.508133 -0.230365 -0.855980 -0.256591 -0.856578 -0.257096 -0.856495 -0.256922 -0.804867 -0.262087 -0.804694 -0.262206 -0.804653 -0.262209 -0.776756 -0.262784 -0.802176 -0.262672 -0.812001 -0.262509
15.931864 -0.531216 -0.284821 -0.886287 -0.346693 -0.886939 -0.347718 -0.886837 -0.347383 -0.835416 -0.347345 -0.835258 -0.347449 -0.835217 -0.347448 -0.807261 -0.344907 -0.832767 -0.347646 -0.842635 -0.348514
16.032064 -0.559755 -0.338124 -0.925481 -0.432557 -0.926239 -0.434128 -0.926103 -0.433622 -0.874342 -0.428804 -0.874197 -0.428896 -0.874156 -0.428890 -0.845823 -0.423431 -0.871706 -0.428845 -0.881716 -0.430670
16.132265 -0.593635 -0.388444 -0.972992 -0.511095 -0.973910 -0.513232 -0.973723 -0.512546 -0.921117 -0.503497 -0.920984 -0.503579 -0.920942 -0.503571 -0.891936 -0.495467 -0.918469 -0.503310 -0.928713 -0.505989
16.232465 -0.632558 -0.433712 -1.027921 -0.578901 -1.029057 -0.581609 -1.028801 -0.580739 -0.974903 -0.568138 -0.974779 -0.568214 -0.974736 -0.568203 -0.944789 -0.557813 -0.972219 -0.567766 -0.982776 -0.571163
16.332665 -0.676016 -0.471642 -1.089015 -0.632346 -1.090426 -0.635602 -1.090082 -0.634553 -1.034517 -0.619219 -1.034402 -0.619290 -1.034357 -0.619277 -1.003236 -0.607054 -1.031777 -0.618712 -1.042714 -0.622660
16.432866 -0.723274 -0.499813 -1.154650 -0.667779 -1.156390 -0.671518 -1.155940 -0.670309 -1.098422 -0.653195 -1.098314 -0.653265 -1.098268 -0.653250 -1.065785 -0.639751 -1.095611 -0.652615 -1.106976 -0.656913
16.533066 -0.773356 -0.515808 -1.222841 -0.681811 -1.224958 -0.685921 -1.224386 -0.684585 -1.164735 -0.666773 -1.164635 -0.666844 -1.164587 -0.666828 -1.130612 -0.652707 -1.161846 -0.666187 -1.173666 -0.670607
16.633267 -0.825040 -0.517410 -1.291286 -0.671681 -1.293814 -0.675997 -1.293109 -0.674586 -1.231271 -0.657257 -1.231178 -0.657330 -1.231129 -0.657315 -1.195600 -0.643316 -1.228303 -0.656737 -1.240582 -0.661031
16.733467 -0.876885 -0.502846 -1.357446 -0.635646 -1.360405 -0.639954 -1.359559 -0.638535 -1.295619 -0.622927 -1.295533 -0.623004 -1.295483 -0.622991 -1.258415 -0.609921 -1.292582 -0.622546 -1.305296 -0.626454
16.833667 -0.927270 -0.471042 -1.418672 -0.573346 -1.422057 -0.577395 -1.421070 -0.576050 -1.355261 -0.563393 -1.355184 -0.563477 -1.355133 -0.563465 -1.316628 -0.552155 -1.352173 -0.563219 -1.365272 -0.566488
16.933868 -0.974469 -0.421866 -1.472352 -0.486077 -1.476134 -0.489601 -1.475014 -0.488416 -1.407717 -0.479860 -1.407650 -0.479951 -1.407598 -0.479942 -1.367851 -0.471192 -1.404607 -0.479948 -1.418012 -0.482347
17.034068 -1.016740 -0.356311 -1.516095 -0.376912 -1.520217 -0.379657 -1.518982 -0.378716 -1.450714 -0.375243 -1.450660 -0.375340 -1.450607 -0.375336 -1.409898 -0.369858 -1.447618 -0.375632 -1.461229 -0.376970
17.134269 -1.052442 -0.276579 -1.547905 -0.250631 -1.552286 -0.252381 -1.550962 -0.251756 -1.482355 -0.254100 -1.482315 -0.254204 -1.482262 -0.254205 -1.440954 -0.252557 -1.479314 -0.254807 -1.493010 -0.254949
17.234469 -1.080156 -0.186042 -1.566347 -0.113432 -1.570884 -0.114041 -1.569504 -0.113783 -1.501272 -0.122363 -1.501247 -0.122473 -1.501195 -0.122478 -1.459715 -0.125016 -1.498329 -0.123382 -1.511978 -0.122261
17.334669 -1.098797 -0.089057 -1.570667 0.027533 -1.575245 0.028126 -1.573845 0.027995 -1.506742 0.013110 -1.506733 0.012998 -1.506681 0.012987 -1.465497 0.006153 -1.503938 0.011809 -1.517402 0.014187
17.434870 -1.107721 0.009345 -1.560861 0.164762 -1.565359 0.166524 -1.563978 0.166012 -1.498751 0.145112 -1.498759 0.144998 -1.498708 0.144982 -1.458301 0.133997 -1.496124 0.143574 -1.509269 0.147134
17.535070 -1.106784 0.103873 -1.537678 0.291051 -1.541981 0.293855 -1.540657 0.293002 -1.478001 0.266699 -1.478024 0.266585 -1.477976 0.266565 -1.438809 0.251818 -1.475578 0.264983 -1.488283 0.269584
17.635271 -1.096376 0.189429 -1.502560 0.400091 -1.506565 0.403736 -1.505332 0.402605 -1.445850 0.371775 -1.445888 0.371662 -1.445841 0.371638 -1.408336 0.353720 -1.443649 0.369941 -1.455812 0.375399
17.735471 -1.077395 0.261538 -1.457519 0.486947 -1.461146 0.491183 -1.460030 0.489855 -1.404206 0.455543 -1.404257 0.455432 -1.404213 0.455405 -1.368719 0.435053 -1.402235 0.453648 -1.413777 0.459748
17.835671 -1.051189 0.316707 -1.404988 0.548347 -1.408181 0.552904 -1.407201 0.551467 -1.355377 0.514795 -1.355441 0.514685 -1.355399 0.514656 -1.322179 0.492681 -1.353636 0.512887 -1.364505 0.519402
17.935872 -1.019455 0.352649 -1.347637 0.582767 -1.350367 0.587381 -1.349533 0.585922 -1.301911 0.547993 -1.301986 0.547882 -1.301947 0.547852 -1.271171 0.525068 -1.300392 0.546106 -1.310561 0.552817
18.036072 -0.984119 0.368357 -1.288203 0.590316 -1.290469 0.594758 -1.289782 0.593352 -1.246429 0.555169 -1.246516 0.555056 -1.246479 0.555027 -1.218219 0.532187 -1.245118 0.553327 -1.254586 0.560032
18.136273 -0.947210 0.364032 -1.229337 0.572478 -1.231158 0.576567 -1.230611 0.575273 -1.191480 0.537684 -1.191578 0.537568 -1.191544 0.537539 -1.165787 0.515290 -1.190362 0.535896 -1.199147 0.542421
18.236473 -0.910734 0.340899 -1.173478 0.531757 -1.174892 0.535366 -1.174475 0.534228 -1.139423 0.497890 -1.139533 0.497768 -1.139502 0.497740 -1.116160 0.476596 -1.138484 0.496158 -1.146620 0.502362
18.336673 -0.876575 0.300943 -1.122775 0.471307 -1.123831 0.474361 -1.123526 0.473403 -1.092347 0.438774 -1.092470 0.438645 -1.092442 0.438618 -1.071372 0.418948 -1.091575 0.437094 -1.099109 0.442866
18.436874 -0.846421 0.246623 -1.079036 0.394581 -1.079789 0.397050 -1.079579 0.396282 -1.052024 0.363628 -1.052163 0.363489 -1.052138 0.363465 -1.033156 0.345501 -1.051409 0.361993 -1.058397 0.367253
18.537074 -0.821709 0.180615 -1.043715 0.305063 -1.044223 0.306949 -1.044090 0.306372 -1.019894 0.275790 -1.020050 0.275639 -1.020028 0.275616 -1.002928 0.259474 -1.019429 0.274189 -1.025930 0.278885
18.637275 -0.803611 0.105608 -1.017920 0.206099 -1.018242 0.207421 -1.018166 0.207028 -0.997065 0.178476 -0.997241 0.178309 -0.997221 0.178288 -0.981791 0.163988 -0.996747 0.176898 -1.002822 0.181001
18.737475 -0.793029 0.024183 -1.002436 0.100819 -1.002627 0.101601 -1.002590 0.101386 -0.984334 0.074712 -0.984532 0.074526 -0.984514 0.074506 -0.970542 0.061999 -0.984162 0.073147 -0.989872 0.076647
18.837675 -0.790606 -0.061237 -0.997744 -0.007842 -0.997857 -0.007581 -0.997842 -0.007625 -0.982203 -0.032646 -0.982426 -0.032855 -0.982410 -0.032873 -0.969693 -0.043683 -0.982179 -0.034209 -0.987583 -0.031304
18.937876 -0.796742 -0.148356 -1.004038 -0.117065 -1.004126 -0.117315 -1.004114 -0.117191 -0.990894 -0.140829 -0.991144 -0.141065 -0.991129 -0.141081 -0.979482 -0.150319 -0.991019 -0.142401 -0.996175 -0.140069
19.038076 -0.811608 -0.234931 -1.021234 -0.224020 -1.021347 -0.224784 -1.021323 -0.224490 -1.010350 -0.247034 -1.010630 -0.247300 -1.010617 -0.247315 -0.999865 -0.255120 -1.010628 -0.248627 -1.015589 -0.246831
19.138277 -0.835148 -0.318674 -1.048960 -0.325746 -1.049150 -0.327038 -1.049097 -0.326568 -1.040227 -0.348301 -1.040539 -0.348599 -1.040527 -0.348612 -1.030516 -0.355133 -1.040660 -0.349925 -1.045477 -0.348616
19.238477 -0.867079 -0.397157 -1.086538 -0.419057 -1.086859 -0.420892 -1.086759 -0.420241 -1.079871 -0.441422 -1.080218 -0.441750 -1.080207 -0.441763 -1.070793 -0.447151 -1.080462 -0.443085 -1.085180 -0.442202
19.338677 -0.906874 -0.467742 -1.132959 -0.500513 -1.133466 -0.502895 -1.133299 -0.502060 -1.128293 -0.522906 -1.128678 -0.523263 -1.128668 -0.523276 -1.119723 -0.527691 -1.129046 -0.524616 -1.133703 -0.524087
19.438878 -0.953742 -0.527578 -1.186856 -0.566470 -1.187603 -0.569385 -1.187352 -0.568370 -1.184145 -0.589048 -1.184568 -0.589431 -1.184559 -0.589442 -1.175966 -0.593055 -1.185060 -0.590809 -1.189690 -0.590550
19.539078 -1.006606 -0.573657 -1.246489 -0.613246 -1.247530 -0.616644 -1.247177 -0.615463 -1.245698 -0.636085 -1.246162 -0.636487 -1.246154 -0.636499 -1.237810 -0.639496 -1.246776 -0.637899 -1.251404 -0.637815
19.639279 -1.064087 -0.602966 -1.309755 -0.637378 -1.311138 -0.641165 -1.310666 -0.639850 -1.310859 -0.660470 -1.311363 -0.660883 -1.311357 -0.660895 -1.303173 -0.663485 -1.312101 -0.662333 -1.316742 -0.662322
19.739479 -1.124504 -0.612706 -1.374221 -0.635972 -1.375984 -0.640003 -1.375380 -0.638601 -1.377199 -0.659219 -1.377745 -0.659635 -1.377740 -0.659646 -1.369648 -0.662064 -1.378607 -0.661125 -1.383266 -0.661078
19.839679 -1.185897 -0.600590 -1.437204 -0.607093 -1.439370 -0.611172 -1.438626 -0.609748 -1.442041 -0.630319 -1.442628 -0.630725 -1.442625 -0.630736 -1.434579 -0.633240 -1.443616 -0.632253 -1.448287 -0.632064
19.939880 -1.246077 -0.565166 -1.495885 -0.550148 -1.498455 -0.554041 -1.497570 -0.552673 -1.502567 -0.573109 -1.503195 -0.573494 -1.503192 -0.573505 -1.495179 -0.576368 -1.504313 -0.575051 -1.508978 -0.574619
20.040080 -1.302706 -0.506141 -1.547460 -0.466194 -1.550414 -0.469645 -1.549394 -0.468420 -1.555976 -0.488601 -1.556642 -0.488953 -1.556641 -0.488965 -1.548682 -0.492460 -1.557895 -0.490523 -1.562524 -0.489761
20.140281 -1.353422 -0.424629 -1.589321 -0.358105 -1.592613 -0.360859 -1.591473 -0.359864 -1.599660 -0.379646 -1.600361 -0.379954 -1.600362 -0.379966 -1.592519 -0.384345 -1.601756 -0.381511 -1.606309 -0.380354
20.240481 -1.395970 -0.323301 -1.619242 -0.230542 -1.622797 -0.232379 -1.621562 -0.231688 -1.631388 -0.250911 -1.632122 -0.251164 -1.632123 -0.251176 -1.624498 -0.256646 -1.633664 -0.252675 -1.638092 -0.251084
20.340681 -1.428365 -0.206366 -1.635547 -0.089712 -1.639271 -0.090470 -1.637972 -0.090141 -1.649480 -0.108634 -1.650241 -0.108824 -1.650244 -0.108837 -1.642974 -0.115530 -1.651936 -0.110248 -1.656186 -0.108217
20.440882 -1.449043 -0.079369 -1.637251 0.057080 -1.641034 0.057481 -1.639708 0.057418 -1.652941 0.039822 -1.653723 0.039699 -1.653727 0.039686 -1.646981 0.031725 -1.655572 0.038404 -1.659589 0.040852
20.541082 -1.456996 0.051184 -1.624141 0.202030 -1.627867 0.203576 -1.626553 0.203123 -1.641546 0.186567 -1.642342 0.186513 -1.642348 0.186500 -1.636310 0.177327 -1.644342 0.185388 -1.648075 0.188200
20.641283 -1.451867 0.178341 -1.596796 0.337505 -1.600351 0.340089 -1.599088 0.339281 -1.615859 0.323866 -1.616662 0.323878 -1.616669 0.323866 -1.611527 0.313628 -1.618803 0.322954 -1.622209 0.326058
20.741483 -1.433997 0.295299 -1.556534 0.456693 -1.559815 0.460130 -1.558638 0.459026 -1.577183 0.444790 -1.577986 0.444862 -1.577994 0.444850 -1.573923 0.433772 -1.580253 0.444155 -1.583297 0.447467
20.841683 -1.404408 0.395987 -1.505297 0.554140 -1.508223 0.558188 -1.507161 0.556870 -1.527451 0.543759 -1.528248 0.543881 -1.528256 0.543869 -1.525406 0.532216 -1.530621 0.543390 -1.533282 0.546826
20.941884 -1.364730 0.475562 -1.445499 0.626099 -1.448011 0.630491 -1.447084 0.629048 -1.469074 0.616905 -1.469858 0.617063 -1.469867 0.617052 -1.468351 0.605096 -1.472312 0.616765 -1.474582 0.620250
21.042084 -1.317078 0.530750 -1.379835 0.670672 -1.381902 0.675145 -1.381121 0.673666 -1.404753 0.662216 -1.405521 0.662397 -1.405531 0.662386 -1.405423 0.650368 -1.408033 0.662251 -1.409913 0.665726
21.142285 -1.263897 0.559984 -1.311099 0.687734 -1.312715 0.692054 -1.312084 0.690620 -1.337303 0.679475 -1.338052 0.679663 -1.338064 0.679652 -1.339399 0.667748 -1.340600 0.679613 -1.342101 0.683039
21.242485 -1.207786 0.563352 -1.242013 0.678690 -1.243196 0.682671 -1.242708 0.681346 -1.269480 0.670016 -1.270210 0.670196 -1.270223 0.670185 -1.273003 0.658485 -1.272776 0.670175 -1.273914 0.673534
21.342685 -1.151338 0.542366 -1.175089 0.646110 -1.175874 0.649624 -1.175519 0.648454 -1.203841 0.636365 -1.204554 0.636524 -1.204568 0.636513 -1.208774 0.625015 -1.207127 0.636463 -1.207920 0.639755
21.442886 -1.096993 0.499628 -1.112534 0.593332 -1.112969 0.596306 -1.112730 0.595318 -1.142648 0.581841 -1.143348 0.581967 -1.143363 0.581954 -1.148965 0.570567 -1.145927 0.581797 -1.146391 0.585038
21.543086 -1.046930 0.438438 -1.056191 0.524072 -1.056329 0.526481 -1.056188 0.525686 -1.087810 0.510162 -1.088501 0.510242 -1.088517 0.510229 -1.095487 0.498785 -1.091093 0.509903 -1.091240 0.513119
21.643287 -1.002998 0.362421 -1.007521 0.442101 -1.007418 0.443959 -1.007356 0.443355 -1.040853 0.425123 -1.041541 0.425148 -1.041559 0.425133 -1.049881 0.413413 -1.044162 0.424587 -1.044000 0.427812
21.743487 -0.966684 0.275227 -0.967610 0.351024 -0.967321 0.352365 -0.967319 0.351943 -1.002933 0.330366 -1.003625 0.330328 -1.003644 0.330311 -1.013323 0.318065 -1.006296 0.329502 -1.005826 0.332773
21.843687 -0.939106 0.180320 -0.937197 0.254155 -0.936771 0.255025 -0.936813 0.254770 -0.974851 0.229262 -0.975555 0.229153 -0.975576 0.229133 -0.986643 0.216104 -0.978304 0.228031 -0.977521 0.231386
21.943888 -0.921038 0.080874 -0.916703 0.154491 -0.916188 0.154931 -0.916255 0.154831 -0.957088 0.124880 -0.957812 0.124694 -0.957835 0.124672 -0.970348 0.110619 -0.960672 0.123253 -0.959566 0.126728
22.044088 -0.912934 -0.020231 -0.906264 0.054763 -0.905702 0.054806 -0.905780 0.054851 -0.949830 0.020047 -0.950581 0.019780 -0.950607 0.019756 -0.964652 0.004474 -0.953588 0.018006 -0.952142 0.021636
22.144289 -0.914961 -0.120343 -0.905756 -0.042469 -0.905187 -0.042804 -0.905260 -0.042620 -0.952987 -0.082550 -0.953773 -0.082900 -0.953802 -0.082928 -0.969485 -0.099588 -0.956962 -0.085013 -0.955158 -0.081200
22.244489 -0.927020 -0.216923 -0.914801 -0.134696 -0.914263 -0.135403 -0.914318 -0.135081 -0.966201 -0.180241 -0.967031 -0.180675 -0.967062 -0.180706 -0.984505 -0.198824 -0.970437 -0.183124 -0.968253 -0.179105
22.344689 -0.948755 -0.307430 -0.932773 -0.219362 -0.932302 -0.220441 -0.932325 -0.219982 -0.988844 -0.270266 -0.989725 -0.270780 -0.989759 -0.270815 -1.009087 -0.290387 -0.993383 -0.273552 -0.990796 -0.269315
22.444890 -0.979560 -0.389211 -0.958781 -0.293800 -0.958417 -0.295253 -0.958394 -0.294657 -1.020003 -0.349714 -1.020942 -0.350301 -1.020980 -0.350339 -1.042313 -0.371270 -1.024883 -0.353371 -1.021871 -0.348917
22.545090 -1.018559 -0.459461 -0.991665 -0.355240 -0.991445 -0.357061 -0.991362 -0.356330 -1.058467 -0.415531 -1.059470 -0.416182 -1.059512 -0.416222 -1.082953 -0.438317 -1.063721 -0.419511 -1.060262 -0.414855
22.645291 -1.064597 -0.515243 -1.029981 -0.400897 -1.029942 -0.403058 -1.029787 -0.402204 -1.102714 -0.464622 -1.103786 -0.465322 -1.103832 -0.465364 -1.129457 -0.488328 -1.108368 -0.468861 -1.104446 -0.464034
22.745491 -1.116225 -0.553593 -1.072010 -0.428137 -1.072188 -0.430585 -1.071946 -0.429627 -1.150919 -0.494040 -1.152063 -0.494771 -1.152113 -0.494815 -1.179959 -0.518259 -1.156991 -0.498454 -1.152592 -0.493506
22.845691 -1.171695 -0.571720 -1.115781 -0.434728 -1.116205 -0.437371 -1.115867 -0.436342 -1.200977 -0.501258 -1.202195 -0.501999 -1.202250 -0.502042 -1.232310 -0.525502 -1.207477 -0.505744 -1.202596 -0.500745
22.945892 -1.228982 -0.567276 -1.159129 -0.419122 -1.159818 -0.421835 -1.159377 -0.420780 -1.250569 -0.484490 -1.251860 -0.485215 -1.251919 -0.485258 -1.284134 -0.508209 -1.257496 -0.488931 -1.252134 -0.483965
23.046092 -1.285823 -0.538676 -1.199774 -0.380760 -1.200733 -0.383385 -1.200187 -0.382362 -1.297242 -0.443020 -1.298605 -0.443704 -1.298668 -0.443745 -1.332928 -0.465637 -1.304587 -0.447289 -1.298752 -0.442455
23.146293 -1.339798 -0.485419 -1.235437 -0.320320 -1.236657 -0.322678 -1.236009 -0.321750 -1.338543 -0.377486 -1.339972 -0.378103 -1.340039 -0.378141 -1.376185 -0.398427 -1.346283 -0.381446 -1.339995 -0.376854
23.246493 -1.388438 -0.408372 -1.263973 -0.239868 -1.265427 -0.241779 -1.264688 -0.241012 -1.372154 -0.290050 -1.373642 -0.290575 -1.373714 -0.290608 -1.411543 -0.308782 -1.380258 -0.293568 -1.373544 -0.289330
23.346693 -1.429357 -0.309944 -1.283519 -0.142878 -1.285159 -0.144178 -1.284346 -0.143631 -1.396054 -0.184417 -1.397593 -0.184829 -1.397667 -0.184857 -1.436945 -0.200483 -1.404480 -0.187369 -1.397375 -0.183592
23.446894 -1.460413 -0.194112 -1.292624 -0.034065 -1.294388 -0.034630 -1.293523 -0.034349 -1.408665 -0.065677 -1.410242 -0.065959 -1.410319 -0.065981 -1.450790 -0.078723 -1.417360 -0.067955 -1.409908 -0.064738
23.547094 -1.479863 -0.066269 -1.290369 0.080923 -1.292181 0.081160 -1.291292 0.081150 -1.408973 0.060043 -1.410576 0.059902 -1.410655 0.059886 -1.452050 0.050242 -1.417877 0.058519 -1.410129 0.061100
23.647295 -1.486503 0.067120 -1.276433 0.195961 -1.278213 0.197002 -1.277329 0.196697 -1.396613 0.186061 -1.398228 0.186063 -1.398308 0.186054 -1.440362 0.179589 -1.405657 0.185336 -1.397669 0.187230
23.747495 -1.479778 0.199009 -1.251124 0.304969 -1.252792 0.306747 -1.251942 0.306168 -1.371891 0.305710 -1.373503 0.305851 -1.373584 0.305849 -1.416042 0.302501 -1.381004 0.305786 -1.372836 0.306980
23.847695 -1.459837 0.322363 -1.215341 0.402434 -1.216823 0.404821 -1.216036 0.404012 -1.335758 0.412906 -1.337353 0.413173 -1.337433 0.413177 -1.380061 0.412743 -1.344865 0.413742 -1.336580 0.414258
23.947896 -1.427536 0.430767 -1.170495 0.483855 -1.171733 0.486680 -1.171029 0.485701 -1.289723 0.502642 -1.291289 0.503017 -1.291368 0.503026 -1.333960 0.505166 -1.298754 0.504154 -1.290412 0.504055
24.048096 -1.384373 0.518963 -1.118390 0.546062 -1.119341 0.549131 -1.118737 0.548050 -1.235728 0.571339 -1.237254 0.571796 -1.237332 0.571809 -1.279716 0.576061 -1.244618 0.573401 -1.236275 0.572788
24.148297 -1.332373 0.583243 -1.061072 0.587357 -1.061714 0.590477 -1.061220 0.589363 -1.175995 0.617010 -1.177473 0.617522 -1.177549 0.617538 -1.219593 0.623331 -1.184690 0.619468 -1.176393 0.618475
24.248497 -1.273932 0.621647 -1.000687 0.607490 -1.001015 0.610489 -1.000633 0.609406 -1.112863 0.639249 -1.114288 0.639788 -1.114362 0.639806 -1.155982 0.646485 -1.121323 0.641930 -1.113108 0.640714
24.348697 -1.211642 0.633953 -0.939332 0.607487 -0.939359 0.610230 -0.939086 0.609229 -1.048640 0.639051 -1.050011 0.639588 -1.050083 0.639606 -1.091245 0.646459 -1.056843 0.641774 -1.048732 0.640507
24.448898 -1.148120 0.621484 -0.878946 0.589374 -0.878698 0.591770 -0.878525 0.590887 -0.985477 0.618519 -0.986795 0.619027 -0.986866 0.619043 -1.027594 0.625328 -0.993417 0.621106 -0.985416 0.619963
24.549098 -1.085847 0.586774 -0.821221 0.555852 -0.820733 0.557852 -0.820649 0.557109 -0.925272 0.580511 -0.926542 0.580966 -0.926612 0.580980 -0.966989 0.585952 -0.932964 0.582798 -0.925061 0.581950
24.649299 -1.027052 0.533172 -0.767556 0.509968 -0.766866 0.511566 -0.766856 0.510970 -0.869615 0.528294 -0.870844 0.528676 -0.870912 0.528685 -0.911085 0.531628 -0.877090 0.530138 -0.869256 0.529741
24.749499 -0.973628 0.464442 -0.719030 0.454839 -0.718178 0.456058 -0.718227 0.455606 -0.819760 0.465233 -0.820958 0.465525 -0.821025 0.465529 -0.861202 0.465775 -0.827066 0.466514 -0.819253 0.466707
24.849699 -0.927091 0.384410 -0.676416 0.393436 -0.675438 0.394320 -0.675533 0.394001 -0.776631 0.394563 -0.777807 0.394750 -0.777874 0.394748 -0.818324 0.391701 -0.783826 0.395184 -0.775975 0.396086
24.949900 -0.888573 0.296716 -0.640199 0.328450 -0.639128 0.329052 -0.639256 0.328851 -0.740839 0.319239 -0.742005 0.319311 -0.742073 0.319303 -0.783119 0.312452 -0.747993 0.319129 -0.740029 0.320836
25.050100 -0.858842 0.204664 -0.610611 0.262236 -0.609474 0.262610 -0.609623 0.262510 -0.712716 0.241883 -0.713884 0.241832 -0.713954 0.241815 -0.755969 0.230753 -0.719908 0.240991 -0.711746 0.243576
25.150301 -0.838334 0.111175 -0.587665 0.196818 -0.586485 0.197010 -0.586644 0.196997 -0.692349 0.164788 -0.693532 0.164609 -0.693604 0.164585 -0.736999 0.149017 -0.699660 0.163086 -0.691209 0.166600
25.250501 -0.827195 0.018825 -0.571187 0.133935 -0.569981 0.133983 -0.570142 0.134046 -0.679609 0.089987 -0.680820 0.089677 -0.680894 0.089645 -0.726108 0.069409 -0.687122 0.087466 -0.678285 0.091936
25.350701 -0.825308 -0.070060 -0.560842 0.075122 -0.559624 0.075050 -0.559780 0.075180 -0.674171 0.019332 -0.675422 0.018894 -0.675500 0.018853 -0.722982 -0.006067 -0.681971 0.016005 -0.672649 0.021432
25.450902 -0.832328 -0.153292 -0.556148 0.021774 -0.554932 0.021597 -0.555075 0.021788 -0.675531 -0.045412 -0.676836 -0.045973 -0.676918 -0.046022 -0.727115 -0.075477 -0.683698 -0.049508 -0.673795 -0.043154
25.551102 -0.847688 -0.228710 -0.556491 -0.024790 -0.555287 -0.025064 -0.555412 -0.024817 -0.683011 -0.102506 -0.684380 -0.103181 -0.684467 -0.103236 -0.737803 -0.136891 -0.691619 -0.107310 -0.681043 -0.100094
25.651303 -0.870605 -0.294104 -0.561126 -0.063302 -0.559944 -0.063669 -0.560045 -0.063370 -0.695756 -0.150212 -0.697199 -0.150984 -0.697293 -0.151046 -0.754146 -0.188362 -0.704871 -0.155632 -0.693541 -0.147657
25.751503 -0.900074 -0.347204 -0.569183 -0.092558 -0.568035 -0.093012 -0.568106 -0.092667 -0.712740 -0.186816 -0.714265 -0.187666 -0.714365 -0.187734 -0.775051 -0.227958 -0.722417 -0.192731 -0.710263 -0.184142
25.851703 -0.934864 -0.385726 -0.579678 -0.111476 -0.578573 -0.112005 -0.578610 -0.111622 -0.732769 -0.210716 -0.734382 -0.211620 -0.734489 -0.211691 -0.799233 -0.253860 -0.743048 -0.216974 -0.730018 -0.207962
25.951904 -0.973514 -0.407504 -0.591525 -0.119190 -0.590471 -0.119770 -0.590469 -0.119363 -0.754498 -0.220559 -0.756203 -0.221486 -0.756317 -0.221558 -0.825238 -0.264515 -0.765403 -0.226976 -0.751468 -0.217772
26.052104 -1.014346 -0.410676 -0.603564 -0.115173 -0.602569 -0.115769 -0.602526 -0.115357 -0.776467 -0.215408 -0.778265 -0.216325 -0.778387 -0.216396 -0.851479 -0.258826 -0.788004 -0.221777 -0.773158 -0.212649
26.152305 -1.055496 -0.393933 -0.614605 -0.099363 -0.613671 -0.099928 -0.613587 -0.099534 -0.797152 -0.194930 -0.799041 -0.195800 -0.799169 -0.195867 -0.876289 -0.236356 -0.809304 -0.201024 -0.793571 -0.192266
26.252505 -1.094969 -0.356769 -0.623477 -0.072272 -0.622601 -0.072751 -0.622478 -0.072401 -0.815032 -0.159554 -0.817004 -0.160340 -0.817139 -0.160402 -0.898006 -0.197513 -0.827760 -0.165140 -0.811192 -0.157057
26.352705 -1.130717 -0.299717 -0.629092 -0.035055 -0.628265 -0.035392 -0.628107 -0.035112 -0.828670 -0.110579 -0.830716 -0.111247 -0.830857 -0.111301 -0.915053 -0.143662 -0.841916 -0.115432 -0.824594 -0.108321
26.452906 -1.160749 -0.224513 -0.630508 0.010491 -0.629718 0.010347 -0.629533 0.010531 -0.836807 -0.050195 -0.838914 -0.050714 -0.839060 -0.050757 -0.926047 -0.077156 -0.850492 -0.054109 -0.832524 -0.048239
26.553106 -1.183245 -0.134145 -0.626997 0.062000 -0.626225 0.062085 -0.626022 0.062157 -0.838443 0.018602 -0.840596 0.018258 -0.840746 0.018226 -0.929884 -0.001248 -0.852470 0.015796 -0.833988 0.020203
26.653307 -1.196686 -0.032765 -0.618093 0.116695 -0.617316 0.117025 -0.617107 0.116974 -0.832913 0.092200 -0.835094 0.092045 -0.835246 0.092027 -0.925828 0.080117 -0.847171 0.090620 -0.828324 0.093408
26.753507 -1.199970 0.074548 -0.603624 0.171600 -0.602817 0.172166 -0.602613 0.171994 -0.819933 0.166645 -0.822122 0.166687 -0.822275 0.166682 -0.913557 0.162600 -0.834300 0.166349 -0.815250 0.167443
26.853707 -1.192500 0.182161 -0.583717 0.223794 -0.582857 0.224562 -0.582672 0.224279 -0.799617 0.237978 -0.801794 0.238212 -0.801948 0.238220 -0.893187 0.241833 -0.813971 0.238957 -0.794881 0.238370
26.953908 -1.174247 0.284353 -0.558787 0.270661 -0.557853 0.271576 -0.557697 0.271204 -0.772463 0.302570 -0.774611 0.302982 -0.774762 0.303002 -0.865256 0.313785 -0.786683 0.304746 -0.767713 0.302580
27.054108 -1.145755 0.375801 -0.529486 0.310109 -0.528465 0.311103 -0.528347 0.310668 -0.739304 0.357427 -0.741404 0.357992 -0.741553 0.358024 -0.830668 0.375100 -0.753277 0.360659 -0.734573 0.357099
27.154309 -1.108100 0.452044 -0.496648 0.340721 -0.495530 0.341718 -0.495456 0.341253 -0.701229 0.400406 -0.703268 0.401094 -0.703413 0.401134 -0.790616 0.423336 -0.714858 0.404500 -0.696547 0.399800
27.254509 -1.062805 0.509825 -0.461210 0.361823 -0.459996 0.362755 -0.459968 0.362290 -0.659498 0.430331 -0.661463 0.431107 -0.661604 0.431153 -0.746484 0.457096 -0.672702 0.435054 -0.654886 0.429520
27.354709 -1.011720 0.547296 -0.424141 0.373471 -0.422835 0.374281 -0.422854 0.373844 -0.615434 0.446996 -0.617319 0.447821 -0.617455 0.447871 -0.699738 0.476042 -0.628160 0.452093 -0.610907 0.446063
27.454910 -0.956881 0.564048 -0.386367 0.376362 -0.384981 0.377012 -0.385044 0.376624 -0.570341 0.451062 -0.572142 0.451899 -0.572273 0.451950 -0.651827 0.480791 -0.582557 0.456272 -0.565906 0.450093
27.555110 -0.900363 0.560979 -0.348717 0.371691 -0.347266 0.372165 -0.347368 0.371839 -0.525417 0.443887 -0.527136 0.444700 -0.527261 0.444749 -0.604099 0.472733 -0.537120 0.448958 -0.521073 0.442969
27.655311 -0.844152 0.540052 -0.311880 0.360981 -0.310379 0.361284 -0.310514 0.361027 -0.481700 0.427309 -0.483340 0.428066 -0.483461 0.428111 -0.557734 0.453804 -0.492909 0.432009 -0.477438 0.426526
27.755511 -0.790039 0.503965 -0.276377 0.345913 -0.274843 0.346068 -0.275004 0.345878 -0.440027 0.403423 -0.441596 0.404096 -0.441713 0.404135 -0.513703 0.426243 -0.450787 0.407552 -0.435831 0.402854
27.855711 -0.739542 0.455815 -0.242561 0.328172 -0.241006 0.328217 -0.241186 0.328088 -0.401024 0.374382 -0.402531 0.374949 -0.402644 0.374979 -0.472748 0.392377 -0.411397 0.377772 -0.396870 0.374098
27.955912 -0.693869 0.398792 -0.210615 0.309324 -0.209050 0.309305 -0.209244 0.309227 -0.365103 0.342232 -0.366560 0.342675 -0.366671 0.342696 -0.435387 0.354445 -0.375168 0.344752 -0.360959 0.342295
28.056112 -0.653910 0.335942 -0.180576 0.290730 -0.179006 0.290698 -0.179209 0.290656 -0.332480 0.308805 -0.333901 0.309111 -0.334011 0.309122 -0.401922 0.314472 -0.342331 0.310355 -0.328312 0.309266
28.156313 -0.620248 0.270010 -0.152357 0.273491 -0.150782 0.273496 -0.150990 0.273476 -0.303206 0.275650 -0.304605 0.275810 -0.304713 0.275809 -0.372470 0.274203 -0.312943 0.276163 -0.298971 0.276551
28.256513 -0.593193 0.203369 -0.125773 0.258424 -0.124190 0.258513 -0.124400 0.258501 -0.277186 0.244014 -0.278578 0.244023 -0.278687 0.244010 -0.346987 0.235080 -0.286917 0.243452 -0.272840 0.245385
28.356713 -0.572815 0.138025 -0.100573 0.246060 -0.098972 0.246276 -0.099185 0.246257 -0.254219 0.214851 -0.255619 0.214708 -0.255731 0.214684 -0.325301 0.198257 -0.264054 0.213204 -0.249714 0.216710
28.456914 -0.558985 0.075666 -0.076466 0.236652 -0.074835 0.237030 -0.075051 0.236993 -0.234021 0.188851 -0.235444 0.188559 -0.235559 0.188522 -0.307140 0.164631 -0.244069 0.186135 -0.229307 0.191203
28.557114 -0.551403 0.017748 -0.053151 0.230195 -0.051473 0.230761 -0.051694 0.230696 -0.216250 0.166474 -0.217710 0.166039 -0.217829 0.165990 -0.292148 0.134890 -0.226617 0.162736 -0.211278 0.169308
28.657315 -0.549625 -0.034425 -0.030337 0.226444 -0.028594 0.227216 -0.028823 0.227113 -0.200527 0.147989 -0.202039 0.147422 -0.202163 0.147363 -0.279912 0.109550 -0.211315 0.143308 -0.195251 0.151278
28.757515 -0.553074 -0.079624 -0.007772 0.224940 -0.005945 0.225927 -0.006185 0.225780 -0.186457 0.133503 -0.188033 0.132822 -0.188163 0.132753 -0.269973 0.088994 -0.197754 0.127992 -0.180832 0.137201
28.857715 -0.561053 -0.116660 0.014741 0.225045 0.016673 0.226241 0.016418 0.226047 -0.173640 0.122984 -0.175288 0.122208 -0.175426 0.122132 -0.261838 0.073480 -0.185523 0.116792 -0.167627 0.127021
28.957916 -0.572742 -0.144382 0.037327 0.225974 0.039384 0.227361 0.039108 0.227119 -0.161684 0.116270 -0.163414 0.115426 -0.163560 0.115344 -0.254994 0.063146 -0.174212 0.109586 -0.155253 0.120554
29.058116 -0.587209 -0.161727 0.060026 0.226849 0.062225 0.228395 0.061925 0.228109 -0.150221 0.113078 -0.152038 0.112199 -0.152192 0.112113 -0.248923 0.057996 -0.163434 0.106128 -0.143354 0.117497
29.158317 -0.603414 -0.167801 0.082788 0.226762 0.085143 0.228419 0.084814 0.228095 -0.138918 0.113011 -0.140823 0.112131 -0.140986 0.112045 -0.243112 0.057878 -0.152830 0.106053 -0.131608 0.117432
29.258517 -0.620228 -0.162003 0.105469 0.224846 0.107989 0.226551 0.107628 0.226201 -0.127486 0.115563 -0.129478 0.114720 -0.129649 0.114638 -0.237073 0.062460 -0.142084 0.108876 -0.119739 0.119838
29.358717 -0.636461 -0.144156 0.127847 0.220360 0.130534 0.222037 0.130138 0.221677 -0.115692 0.120136 -0.117765 0.119370 -0.117944 0.119295 -0.230360 0.071220 -0.130935 0.114010 -0.107531 0.124111
29.458918 -0.650905 -0.114631 0.149630 0.212766 0.152479 0.214332 0.152048 0.213980 -0.103365 0.126068 -0.105509 0.125417 -0.105696 0.125351 -0.222592 0.083441 -0.119184 0.120784 -0.094828 0.129590
29.559118 -0.662391 -0.074440 0.170486 0.201801 0.173484 0.203171 0.173019 0.202848 -0.090405 0.132671 -0.092607 0.132168 -0.092800 0.132116 -0.213466 0.098241 -0.106703 0.128483 -0.081544 0.135600
29.659319 -0.669850 -0.025271 0.190073 0.187527 0.193196 0.188619 0.192701 0.188344 -0.076777 0.139275 -0.079022 0.138949 -0.079219 0.138912 -0.202775 0.114618 -0.093435 0.136394 -0.067659 0.141494
29.759519 -0.672383 0.030554 0.208070 0.170342 0.211289 0.171088 0.210768 0.170880 -0.062513 0.145287 -0.064781 0.145156 -0.064981 0.145136 -0.190417 0.131516 -0.079392 0.143859 -0.053212 0.146712
29.859719 -0.669321 0.090205 0.224213 0.150966 0.227493 0.151316 0.226954 0.151190 -0.047697 0.150235 -0.049968 0.150308 -0.050169 0.150306 -0.176393 0.147913 -0.064647 0.150332 -0.038295 0.150821
29.959920 -0.660282 0.150536 0.238327 0.130384 0.241628 0.130314 0.241078 0.130278 -0.032452 0.153814 -0.034705 0.154090 -0.034906 0.154105 -0.160801 0.162899 -0.049320 0.155429 -0.023034 0.153562
30.060120 -0.645199 0.208345 0.250346 0.109762 0.253626 0.109275 0.253074 0.109332 -0.016922 0.155913 -0.019138 0.156378 -0.019336 0.156410 -0.143818 0.175764 -0.033560 0.158955 -0.007569 0.154866
30.160321 -0.624322 0.260644 0.260328 0.090348 0.263545 0.089474 0.263002 0.089619 -0.001253 0.156619 -0.003415 0.157252 -0.003608 0.157299 -0.125683 0.186045 -0.017524 0.160926 0.007959 0.154864
30.260521 -0.598206 0.304922 0.268456 0.073366 0.271574 0.072157 0.271047 0.072380 0.014427 0.156211 0.012336 0.156982 0.012148 0.157041 -0.106664 0.193567 -0.001360 0.161561 0.023434 0.153868
30.360721 -0.567652 0.339346 0.275033 0.059923 0.278021 0.058451 0.277518 0.058738 0.030029 0.155127 0.028021 0.155999 0.027839 0.156068 -0.087030 0.198438 0.014818 0.161254 0.038778 0.152340
30.460922 -0.533650 0.362883 0.280466 0.050944 0.283300 0.049291 0.282827 0.049623 0.045510 0.153921 0.043593 0.154857 0.043419 0.154932 -0.067029 0.201022 0.030941 0.160537 0.053966 0.150853
30.561122 -0.497289 0.375328 0.285243 0.047125 0.287908 0.045375 0.287469 0.045734 0.060891 0.153219 0.059070 0.154181 0.058903 0.154258 -0.046860 0.201893 0.046999 0.160032 0.069033 0.150036
30.661323 -0.459681 0.377240 0.289910 0.048924 0.292399 0.047160 0.291996 0.047527 0.076254 0.153667 0.074529 0.154618 0.074369 0.154694 -0.026656 0.201768 0.063045 0.160397 0.084078 0.150531
30.761523 -0.421881 0.369799 0.295047 0.056573 0.297362 0.054872 0.296995 0.055230 0.091746 0.155887 0.090114 0.156795 0.089962 0.156867 -0.006475 0.201437 0.079199 0.162279 0.099265 0.152951
30.861723 -0.384827 0.354623 0.301248 0.070107 0.303396 0.068534 0.303065 0.068868 0.107572 0.160440 0.106028 0.161277 0.105883 0.161342 0.013702 0.201695 0.095643 0.166273 0.114813 0.157839
30.961924 -0.349294 0.333566 0.309098 0.089396 0.311095 0.088006 0.310796 0.088304 0.123992 0.167797 0.122527 0.168539 0.122388 0.168595 0.033974 0.203286 0.112615 0.172887 0.130994 0.165646
31.062124 -0.315870 0.308530 0.319166 0.114176 0.321030 0.113016 0.320760 0.113266 0.141304 0.178310 0.139908 0.178939 0.139774 0.178984 0.054508 0.206848 0.130398 0.182513 0.148117 0.176705
31.162325 -0.284956 0.281313 0.331984 0.144061 0.333740 0.143169 0.333494 0.143363 0.159837 0.192192 0.158498 0.192697 0.158368 0.192730 0.075526 0.212876 0.149307 0.195403 0.166521 0.191210
31.262525 -0.256768 0.253500 0.348043 0.178544 0.349718 0.177954 0.349490 0.178082 0.179933 0.209498 0.178639 0.209869 0.178512 0.209890 0.097293 0.221689 0.169675 0.211643 0.186552 0.209193
31.362725 -0.231367 0.226400 0.367773 0.216973 0.369398 0.216718 0.369182 0.216771 0.201929 0.230092 0.200666 0.230327 0.200540 0.230333 0.120093 0.233400 0.191835 0.231132 0.208554 0.230502
31.462926 -0.208682 0.201030 0.391534 0.258517 0.393143 0.258629 0.392930 0.258596 0.226140 0.253624 0.224895 0.253722 0.224769 0.253715 0.144212 0.247892 0.216097 0.253548 0.232843 0.254767
31.563126 -0.188538 0.178121 0.419591 0.302113 0.421220 0.302625 0.421003 0.302495 0.252832 0.279497 0.251591 0.279461 0.251464 0.279441 0.169911 0.264798 0.242729 0.278323 0.259688 0.281373
31.663327 -0.170691 0.158153 0.452090 0.346422 0.453778 0.347363 0.453547 0.347124 0.282199 0.306837 0.280949 0.306676 0.280819 0.306642 0.197399 0.283483 0.271926 0.304612 0.289279 0.309428
31.763527 -0.154844 0.141391 0.489025 0.389788 0.490816 0.391183 0.490560 0.390824 0.314331 0.334482 0.313060 0.334205 0.312926 0.334159 0.226811 0.303035 0.303786 0.331282 0.321705 0.337745
31.863727 -0.140676 0.127925 0.530213 0.430235 0.532152 0.432098 0.531859 0.431611 0.349189 0.360976 0.347886 0.360598 0.347747 0.360541 0.258172 0.322275 0.338278 0.356911 0.356921 0.364845
31.963928 -0.127858 0.117705 0.575252 0.465498 0.577385 0.467825 0.577042 0.467205 0.386574 0.384609 0.385229 0.384147 0.385084 0.384081 0.291379 0.339788 0.375215 0.379823 0.394720 0.388992
32.064128 -0.116064 0.110567 0.623505 0.493114 0.625876 0.495873 0.625470 0.495125 0.426105 0.403484 0.424711 0.402958 0.424559 0.402886 0.326179 0.353986 0.414233 0.398156 0.434710 0.408261
32.164329 -0.104985 0.106253 0.674076 0.510565 0.676728 0.513694 0.676247 0.512831 0.467207 0.415632 0.465759 0.415068 0.465599 0.414991 0.362152 0.363205 0.454775 0.409978 0.476302 0.420655
32.264529 -0.094338 0.104423 0.725823 0.515491 0.728792 0.518888 0.728223 0.517936 0.509110 0.419173 0.507605 0.418599 0.507437 0.418521 0.398716 0.365840 0.496095 0.413439 0.518712 0.424270
32.364729 -0.083875 0.104670 0.777381 0.505934 0.780689 0.509459 0.780025 0.508455 0.550868 0.412502 0.549306 0.411949 0.549130 0.411873 0.435136 0.360496 0.537274 0.406956 0.560975 0.417482
32.464930 -0.073387 0.106527 0.827213 0.480602 0.830871 0.484081 0.830107 0.483074 0.591397 0.394497 0.589781 0.393994 0.589598 0.393924 0.470560 0.346166 0.577255 0.389415 0.601987 0.399157
32.565130 -0.062713 0.109491 0.873695 0.439112 0.877694 0.442348 0.876831 0.441396 0.629530 0.364700 0.627868 0.364278 0.627679 0.364217 0.504059 0.322378 0.614902 0.360354 0.640563 0.368838
32.665331 -0.051742 0.113042 0.915216 0.382174 0.919528 0.384962 0.918572 0.384125 0.664098 0.323468 0.662400 0.323155 0.662205 0.323106 0.534693 0.289328 0.649071 0.320105 0.675513 0.326894
32.765531 -0.040415 0.116674 0.950292 0.311662 0.954868 0.313810 0.953832 0.313146 0.694009 0.272040 0.692288 0.271859 0.692089 0.271825 0.561578 0.247933 0.678697 0.269864 0.705729 0.274592
32.865731 -0.028725 0.119929 0.977686 0.230572 0.982459 0.231920 0.981360 0.231479 0.718340 0.212514 0.716610 0.212479 0.716408 0.212462 0.583963 0.199825 0.702875 0.211668 0.730271 0.214068
32.965932 -0.016708 0.122435 0.996516 0.142833 1.001403 0.143273 1.000264 0.143089 0.736416 0.147717 0.734692 0.147837 0.734490 0.147838 0.601289 0.147247 0.720940 0.148274 0.748456 0.148199
33.066132 -0.004440 0.123940 1.006329 0.053002 1.011239 0.052493 1.010087 0.052581 0.747873 0.080991 0.746172 0.081267 0.745970 0.081287 0.613248 0.092889 0.732534 0.082948 0.759914 0.080385
33.166333 0.007979 0.124335 1.007157 -0.034119 1.011993 -0.035550 1.010856 -0.035194 0.752697 0.015914 0.751033 0.016336 0.750835 0.016373 0.619815 0.039658 0.737636 0.019191 0.764631 0.014261
33.266533 0.020438 0.123667 0.999511 -0.113899 1.004183 -0.116155 1.003086 -0.115559 0.751231 -0.044015 0.749618 -0.043461 0.749423 -0.043408 0.621252 -0.009567 0.736577 -0.039564 0.762955 -0.046617
33.366733 0.032829 0.122136 0.984348 -0.182260 0.988777 -0.185190 0.987743 -0.184398 0.744151 -0.095655 0.742601 -0.094991 0.742412 -0.094925 0.618098 -0.052172 0.730015 -0.090232 0.755577 -0.099063
33.466934 0.045067 0.120081 0.962998 -0.235976 0.967119 -0.239393 0.966168 -0.238459 0.732421 -0.136464 0.730943 -0.135715 0.730762 -0.135639 0.611127 -0.085999 0.718889 -0.130303 0.743475 -0.140496
33.567134 0.057099 0.117944 0.937065 -0.272856 0.940834 -0.276558 0.939980 -0.275542 0.717225 -0.164640 0.715825 -0.163835 0.715652 -0.163751 0.601302 -0.109474 0.704355 -0.157997 0.727851 -0.169094
33.667335 0.068917 0.116236 0.908320 -0.291798 0.911713 -0.295585 0.910961 -0.294545 0.699883 -0.179179 0.698566 -0.178344 0.698402 -0.178257 0.589707 -0.121658 0.687709 -0.172307 0.710049 -0.183844
33.767535 0.080564 0.115489 0.878589 -0.292715 0.881601 -0.296407 0.880954 -0.295396 0.681782 -0.179831 0.680549 -0.178993 0.680393 -0.178906 0.577487 -0.122225 0.670308 -0.172972 0.691475 -0.184501
33.867735 0.092136 0.116223 0.849660 -0.276375 0.852303 -0.279828 0.851757 -0.278887 0.664296 -0.166999 0.663146 -0.166183 0.662999 -0.166099 0.565795 -0.111383 0.653507 -0.160371 0.673526 -0.171484
33.967936 0.103782 0.118901 0.823204 -0.244191 0.825505 -0.247294 0.825052 -0.246455 0.648736 -0.141585 0.647666 -0.140811 0.647526 -0.140733 0.555739 -0.089763 0.638594 -0.135373 0.657529 -0.145716
34.068136 0.115696 0.123910 0.800727 -0.197992 0.802722 -0.200671 0.802353 -0.199954 0.636300 -0.104831 0.635306 -0.104116 0.635174 -0.104045 0.548348 -0.058290 0.626753 -0.099187 0.644702 -0.108466
34.168337 0.128112 0.131538 0.783533 -0.139823 0.785266 -0.142035 0.784968 -0.141452 0.628056 -0.058174 0.627131 -0.057529 0.627006 -0.057468 0.544553 -0.018076 0.619038 -0.053216 0.636122 -0.061198
34.268537 0.141292 0.141963 0.772717 -0.071799 0.774236 -0.073519 0.773994 -0.073075 0.624919 -0.003139 0.624057 -0.002572 0.623937 -0.002521 0.545166 0.029667 0.616356 0.001050 0.632717 -0.005465
34.368737 0.155516 0.155236 0.769159 0.003985 0.770513 0.002766 0.770315 0.003069 0.627651 0.058721 0.626843 0.059206 0.626728 0.059246 0.550877 0.083672 0.619463 0.062085 0.635255 0.057156
34.468938 0.171071 0.171280 0.773534 0.085466 0.774773 0.084756 0.774604 0.084916 0.636857 0.125829 0.636097 0.126232 0.635985 0.126259 0.562249 0.142617 0.628960 0.128340 0.644347 0.125065
34.569138 0.188234 0.189867 0.786309 0.170580 0.787483 0.170389 0.787329 0.170403 0.652982 0.196549 0.652261 0.196872 0.652152 0.196887 0.579707 0.205090 0.645292 0.198204 0.660440 0.196604
34.669339 0.207258 0.210609 0.807742 0.257176 0.808903 0.257519 0.808750 0.257382 0.676301 0.269116 0.675612 0.269363 0.675504 0.269367 0.603527 0.269530 0.668733 0.269934 0.683810 0.269987
34.769539 0.228361 0.232936 0.837870 0.342920 0.839072 0.343819 0.838905 0.343521 0.706902 0.341551 0.706238 0.341729 0.706129 0.341722 0.633820 0.334152 0.699374 0.341570 0.714542 0.343216
34.869739 0.251702 0.256080 0.876485 0.425200 0.877784 0.426678 0.877585 0.426209 0.744662 0.411585 0.744016 0.411702 0.743905 0.411684 0.670501 0.396883 0.737097 0.410867 0.752510 0.413999
34.969940 0.277361 0.279063 0.923100 0.501072 0.924552 0.503146 0.924306 0.502497 0.789213 0.476615 0.788577 0.476679 0.788465 0.476652 0.713260 0.455327 0.781538 0.475242 0.797338 0.479709
35.070140 0.305323 0.300704 0.976916 0.567262 0.978582 0.569933 0.978270 0.569101 0.839908 0.533710 0.839278 0.533732 0.839162 0.533697 0.761533 0.506774 0.832061 0.531788 0.848374 0.537391
35.170341 0.335454 0.319638 1.036791 0.620256 1.038730 0.623497 1.038333 0.622486 0.895795 0.579697 0.895167 0.579687 0.895047 0.579646 0.814467 0.548282 0.887723 0.577354 0.904654 0.583843
35.270541 0.367482 0.334371 1.101223 0.656472 1.103490 0.660218 1.102991 0.659044 0.955598 0.611321 0.954968 0.611292 0.954845 0.611246 0.870910 0.576833 0.947263 0.608708 0.964887 0.615787
35.370741 0.400986 0.343365 1.168352 0.672542 1.170997 0.676679 1.170380 0.675373 1.017720 0.625497 1.017087 0.625460 1.016959 0.625412 0.929415 0.589558 1.009100 0.622785 1.027463 0.630109
35.470942 0.435391 0.345148 1.236001 0.665652 1.239062 0.670012 1.238313 0.668625 1.080277 0.619615 1.079640 0.619583 1.079507 0.619537 0.988265 0.584030 1.071368 0.616988 1.090478 0.624182
35.571142 0.469975 0.338462 1.301749 0.633921 1.305244 0.638290 1.304357 0.636887 1.141160 0.591891 1.140522 0.591877 1.140384 0.591834 1.045541 0.558575 1.131979 0.589540 1.151807 0.596209
35.671343 0.503889 0.322415 1.363041 0.576770 1.366968 0.580896 1.365942 0.579556 1.198139 0.541692 1.197501 0.541708 1.197359 0.541671 1.099208 0.512579 1.188723 0.539800 1.209197 0.545554
35.771543 0.536195 0.296633 1.417339 0.495200 1.421670 0.498813 1.420513 0.497621 1.248987 0.469794 1.248353 0.469849 1.248209 0.469820 1.147236 0.446717 1.239394 0.468527 1.260404 0.473001
35.871743 0.565918 0.261386 1.462291 0.391935 1.466969 0.394775 1.465696 0.393815 1.291633 0.378513 1.291009 0.378616 1.290862 0.378598 1.187739 0.363081 1.281939 0.378007 1.303337 0.380892
35.971944 0.592109 0.217655 1.495902 0.271379 1.500846 0.273221 1.499482 0.272567 1.324314 0.271680 1.323707 0.271835 1.323559 0.271829 1.219112 0.265148 1.314610 0.272025 1.336218 0.273092
36.072144 0.613918 0.167136 1.516700 0.139369 1.521808 0.140055 1.520384 0.139759 1.345720 0.154420 1.345136 0.154630 1.344988 0.154638 1.240162 0.157586 1.336104 0.155660 1.357724 0.154776
36.172345 0.630665 0.112160 1.523860 0.002739 1.529014 0.002196 1.527567 0.002284 1.355105 0.032782 1.354548 0.033045 1.354402 0.033066 1.250212 0.045913 1.345676 0.034905 1.367102 0.032046
36.272545 0.641904 0.055532 1.517279 -0.131245 1.522356 -0.132994 1.520924 -0.132525 1.352351 -0.086769 1.351828 -0.086457 1.351684 -0.086422 1.249158 -0.063958 1.343205 -0.083823 1.364233 -0.088572
36.372745 0.647468 0.000302 1.497588 -0.255514 1.502467 -0.258352 1.501088 -0.257538 1.337990 -0.197902 1.337504 -0.197548 1.337364 -0.197501 1.237484 -0.166225 1.329212 -0.194237 1.349651 -0.200691
36.472946 0.647498 -0.050488 1.466100 -0.363789 1.470675 -0.367524 1.469384 -0.366424 1.313156 -0.294956 1.312711 -0.294566 1.312576 -0.294510 1.216226 -0.255673 1.304815 -0.290704 1.324501 -0.298597
36.573146 0.642439 -0.094069 1.424704 -0.451066 1.428890 -0.455449 1.427713 -0.454142 1.279500 -0.373369 1.279097 -0.372952 1.278968 -0.372887 1.186887 -0.328079 1.271647 -0.368680 1.290448 -0.377690
36.673347 0.633014 -0.128165 1.375719 -0.513922 1.379455 -0.518681 1.378411 -0.517252 1.239060 -0.429962 1.238702 -0.429527 1.238579 -0.429456 1.151330 -0.380464 1.231728 -0.424991 1.249549 -0.434767
36.773547 0.620171 -0.151153 1.321721 -0.550623 1.324973 -0.555490 1.324075 -0.554025 1.194120 -0.463052 1.193807 -0.462605 1.193691 -0.462531 1.111643 -0.411200 1.187324 -0.457944 1.204109 -0.468132
36.873747 0.605026 -0.162132 1.265376 -0.561044 1.268137 -0.565779 1.267387 -0.564354 1.147059 -0.472381 1.146790 -0.471930 1.146683 -0.471856 1.070009 -0.419960 1.140796 -0.467270 1.156528 -0.477531
36.973948 0.588780 -0.160911 1.209287 -0.546428 1.211574 -0.550838 1.210966 -0.549516 1.100217 -0.458926 1.099993 -0.458476 1.099893 -0.458402 1.028585 -0.407546 1.094474 -0.453921 1.109168 -0.463955
37.074148 0.572657 -0.147921 1.155871 -0.509061 1.157719 -0.513008 1.157243 -0.511832 1.055788 -0.424603 1.055609 -0.424158 1.055516 -0.424088 0.989400 -0.375630 1.050541 -0.419795 1.064241 -0.429346
37.174349 0.557835 -0.124086 1.107274 -0.451905 1.108730 -0.455303 1.108371 -0.454301 1.015737 -0.371960 1.015604 -0.371522 1.015518 -0.371456 0.954288 -0.326478 1.010957 -0.367415 1.023732 -0.376276
37.274549 0.545402 -0.090661 1.065316 -0.378262 1.066437 -0.381069 1.066177 -0.380255 0.981760 -0.303869 0.981672 -0.303437 0.981592 -0.303377 0.924840 -0.262675 0.977412 -0.299633 0.989345 -0.307647
37.374749 0.536317 -0.049093 1.031482 -0.291500 1.032325 -0.293711 1.032146 -0.293086 0.955254 -0.223292 0.955212 -0.222866 0.955138 -0.222812 0.902385 -0.186915 0.951305 -0.219392 0.962492 -0.226449
37.474950 0.531398 -0.000896 1.006918 -0.194880 1.007543 -0.196509 1.007426 -0.196068 0.937326 -0.133125 0.937329 -0.132700 0.937260 -0.132653 0.887984 -0.101854 0.933739 -0.129573 0.944283 -0.135605
37.575150 0.531308 0.052412 0.992451 -0.091471 0.992917 -0.092539 0.992843 -0.092276 0.928796 -0.036127 0.928847 -0.035700 0.928782 -0.035659 0.882441 -0.010056 0.925539 -0.032920 0.935544 -0.037895
37.675351 0.536560 0.109346 0.988614 0.015836 0.988975 0.015312 0.988927 0.015401 0.930217 0.065063 0.930315 0.065499 0.930254 0.065533 0.886308 0.086003 0.927256 0.067938 0.936830 0.064020
37.775551 0.547517 0.168425 0.995654 0.124255 0.995965 0.124264 0.995925 0.124183 0.941879 0.167851 0.942026 0.168301 0.941968 0.168329 0.899891 0.183857 0.939185 0.170418 0.948429 0.167528
37.875752 0.564393 0.228133 1.013545 0.230981 1.013857 0.231527 1.013810 0.231273 0.963810 0.269576 0.964008 0.270046 0.963953 0.270069 0.923244 0.280946 0.961354 0.271866 0.970369 0.269952
37.975952 0.587252 0.286848 1.041972 0.333074 1.042341 0.334168 1.042268 0.333736 0.995764 0.367391 0.996014 0.367886 0.995960 0.367903 0.956154 0.374512 0.993520 0.369441 1.002399 0.368426
38.076152 0.615994 0.342783 1.080318 0.427355 1.080799 0.429011 1.080682 0.428395 1.037194 0.458172 1.037498 0.458693 1.037446 0.458705 0.998119 0.461509 1.035140 0.460022 1.043967 0.459807
38.176353 0.650341 0.393946 1.127635 0.510371 1.128283 0.512595 1.128104 0.511791 1.087226 0.538484 1.087587 0.539032 1.087536 0.539041 1.048311 0.538584 1.085342 0.540181 1.094192 0.540643
38.276553 0.689815 0.438129 1.182612 0.578443 1.183486 0.581221 1.183225 0.580231 1.144629 0.604636 1.145048 0.605210 1.144997 0.605216 1.105553 0.602126 1.142899 0.606227 1.151833 0.607223
38.376754 0.733715 0.472967 1.243565 0.627813 1.244719 0.631097 1.244359 0.629937 1.207794 0.652836 1.208272 0.653430 1.208222 0.653434 1.168298 0.648426 1.206204 0.654370 1.215271 0.655733
38.476954 0.781107 0.496041 1.308431 0.654901 1.309916 0.658601 1.309439 0.657297 1.274735 0.679442 1.275274 0.680049 1.275224 0.680052 1.234633 0.673922 1.273279 0.680969 1.282510 0.682514
38.577154 0.830810 0.505050 1.374809 0.656648 1.376665 0.660621 1.376057 0.659221 1.343127 0.681314 1.343726 0.681925 1.343677 0.681927 1.302310 0.675542 1.341802 0.682879 1.351209 0.684410
38.677355 0.881417 0.498038 1.440024 0.630912 1.442278 0.634965 1.441530 0.633531 1.410368 0.656210 1.411029 0.656811 1.410980 0.656815 1.368817 0.651087 1.409179 0.657855 1.418753 0.659169
38.777555 0.931320 0.473645 1.501245 0.576861 1.503902 0.580758 1.503011 0.579370 1.473697 0.603183 1.474416 0.603761 1.474368 0.603766 1.431484 0.599620 1.472653 0.604939 1.482363 0.605840
38.877756 0.978780 0.431362 1.555632 0.495301 1.558673 0.498782 1.557645 0.497527 1.530332 0.522912 1.531110 0.523453 1.531062 0.523461 1.487631 0.521777 1.529450 0.524799 1.539246 0.525107
38.977956 1.022002 0.371744 1.600514 0.388868 1.603895 0.391673 1.602744 0.390638 1.577655 0.417899 1.578487 0.418389 1.578441 0.418400 1.534732 0.419962 1.576954 0.419921 1.586766 0.419489
39.078156 1.059251 0.296547 1.633578 0.262028 1.637228 0.263926 1.635978 0.263191 1.613389 0.292479 1.614270 0.292904 1.614226 0.292919 1.570596 0.298352 1.612893 0.294623 1.622633 0.293346
39.178357 1.088965 0.208733 1.653049 0.120863 1.656874 0.121681 1.655555 0.121306 1.635776 0.152610 1.636700 0.152960 1.636657 0.152979 1.593535 0.162693 1.635507 0.154846 1.645080 0.152671
39.278557 1.109880 0.112354 1.657830 -0.027359 1.661719 -0.027714 1.660369 -0.027694 1.643718 0.005462 1.644679 0.005729 1.644638 0.005752 1.602500 0.019905 1.643697 0.007747 1.653001 0.004677
39.378758 1.121138 0.012281 1.647599 -0.174769 1.651436 -0.176297 1.650094 -0.175879 1.636877 -0.141167 1.637866 -0.140986 1.637827 -0.140959 1.597169 -0.122475 1.637117 -0.138884 1.646053 -0.142793
39.478958 1.122369 -0.086172 1.622839 -0.313578 1.626505 -0.316180 1.625211 -0.315395 1.615695 -0.279513 1.616703 -0.279416 1.616668 -0.279385 1.577976 -0.256936 1.616204 -0.277281 1.624682 -0.281927
39.579158 1.113734 -0.177701 1.584788 -0.436736 1.588178 -0.440234 1.586968 -0.439140 1.581367 -0.402508 1.582385 -0.402488 1.582353 -0.402454 1.546074 -0.376620 1.582143 -0.400371 1.590086 -0.405617
39.679359 1.095929 -0.257464 1.535340 -0.538498 1.538368 -0.542654 1.537272 -0.541329 1.535734 -0.504343 1.536754 -0.504388 1.536725 -0.504352 1.503238 -0.475866 1.536767 -0.502328 1.544118 -0.508020
39.779559 1.070131 -0.321488 1.476889 -0.614810 1.479492 -0.619354 1.478531 -0.617889 1.481140 -0.580857 1.482155 -0.580952 1.482129 -0.580914 1.451731 -0.550587 1.482413 -0.578973 1.489133 -0.584953
39.879760 1.037918 -0.366948 1.412141 -0.663476 1.414283 -0.668138 1.413472 -0.666625 1.420254 -0.629718 1.421258 -0.629845 1.421236 -0.629806 1.394127 -0.598443 1.421746 -0.627952 1.427819 -0.634073
39.979960 1.001149 -0.392316 1.343931 -0.684113 1.345604 -0.688653 1.344945 -0.687173 1.355887 -0.650391 1.356878 -0.650530 1.356859 -0.650491 1.333147 -0.618825 1.357580 -0.648711 1.363003 -0.654847
40.080160 0.961839 -0.397344 1.275045 -0.677923 1.276262 -0.682146 1.275752 -0.680768 1.290823 -0.643923 1.291800 -0.644055 1.291785 -0.644016 1.271491 -0.612647 1.292698 -0.642282 1.297486 -0.648333
40.180361 0.922025 -0.382918 1.208075 -0.647345 1.208870 -0.651113 1.208497 -0.649886 1.227676 -0.612605 1.228640 -0.612711 1.228629 -0.612672 1.211704 -0.582038 1.229722 -0.610945 1.233896 -0.616843
40.280561 0.883656 -0.350812 1.145318 -0.595645 1.145737 -0.598878 1.145486 -0.597832 1.168782 -0.559576 1.169738 -0.559638 1.169732 -0.559600 1.156077 -0.529962 1.170995 -0.557836 1.174584 -0.563536
40.380762 0.848505 -0.303404 1.088713 -0.526527 1.088808 -0.529196 1.088662 -0.528344 1.116138 -0.488438 1.117094 -0.488440 1.117091 -0.488402 1.106578 -0.459850 1.118524 -0.486552 1.121558 -0.492039
40.480962 0.818104 -0.243387 1.039813 -0.443796 1.039641 -0.445910 1.039580 -0.445251 1.071374 -0.402921 1.072335 -0.402848 1.072336 -0.402810 1.064830 -0.375289 1.073945 -0.400830 1.076451 -0.406106
40.581162 0.793716 -0.173533 0.999792 -0.351119 0.999408 -0.352713 0.999413 -0.352238 1.035745 -0.306653 1.036722 -0.306492 1.036726 -0.306453 1.032098 -0.279791 1.038524 -0.304301 1.040528 -0.309386
40.681363 0.776328 -0.096526 0.969470 -0.251892 0.968924 -0.253010 0.968976 -0.252707 1.010158 -0.203027 1.011160 -0.202765 1.011168 -0.202726 1.009310 -0.176671 1.013174 -0.200363 1.014694 -0.205287
40.781563 0.766656 -0.014875 0.949338 -0.149203 0.948678 -0.149889 0.948761 -0.149746 0.995191 -0.095166 0.996229 -0.094795 0.996241 -0.094755 0.997077 -0.069010 0.998478 -0.092149 0.999530 -0.096952
40.881764 0.765166 0.069089 0.939597 -0.045881 0.938865 -0.046169 0.938962 -0.046174 0.991121 0.014016 0.992207 0.014504 0.992224 0.014547 0.995709 0.040287 0.994720 0.017422 0.995311 0.012696
40.981964 0.772088 0.153168 0.940173 0.055413 0.939407 0.055503 0.939504 0.055354 0.997940 0.121718 0.999086 0.122327 0.999107 0.122372 1.005233 0.148394 1.001894 0.125537 1.002027 0.120843
41.082164 0.787436 0.235201 0.950730 0.152059 0.949969 0.152521 0.950052 0.152231 1.015360 0.225116 1.016578 0.225848 1.016604 0.225896 1.025387 0.252437 1.019711 0.229361 1.019387 0.224657
41.182365 0.811003 0.312969 0.970670 0.241376 0.969952 0.242213 0.970007 0.241780 1.042803 0.321256 1.044104 0.322107 1.044135 0.322158 1.055617 0.349385 1.047595 0.325925 1.046808 0.321172
41.282565 0.842363 0.384113 0.999122 0.320550 0.998485 0.321767 0.998496 0.321190 1.079386 0.406981 1.080781 0.407943 1.080816 0.407996 1.095048 0.435987 1.084658 0.412054 1.083401 0.407224
41.382766 0.880851 0.446090 1.034924 0.386635 1.034406 0.388231 1.034360 0.387512 1.123898 0.478941 1.125396 0.479999 1.125437 0.480055 1.142469 0.508781 1.129688 0.484376 1.127953 0.479453
41.482966 0.925549 0.496195 1.076615 0.436638 1.076255 0.438593 1.076137 0.437740 1.174788 0.533690 1.176397 0.534825 1.176444 0.534883 1.196314 0.564208 1.181124 0.539424 1.178904 0.534406
41.583166 0.975268 0.531657 1.122433 0.467690 1.122268 0.469955 1.122064 0.468988 1.230161 0.567892 1.231888 0.569076 1.231941 0.569135 1.254665 0.598812 1.237067 0.573834 1.234354 0.568735
41.683367 1.028541 0.549811 1.170342 0.477300 1.170405 0.479791 1.170103 0.478742 1.287808 0.578604 1.289654 0.579805 1.289713 0.579865 1.315273 0.609547 1.295294 0.584642 1.292085 0.579494
41.783567 1.083632 0.548339 1.218084 0.463662 1.218396 0.466257 1.217990 0.465172 1.345255 0.563636 1.347221 0.564818 1.347286 0.564877 1.375623 0.594137 1.353323 0.569635 1.349618 0.564490
41.883768 1.138576 0.525565 1.263260 0.425975 1.263832 0.428518 1.263318 0.427454 1.399865 0.521918 1.401947 0.523041 1.402018 0.523098 1.433030 0.551452 1.408503 0.527727 1.404307 0.522649
41.983968 1.191237 0.480749 1.303452 0.364725 1.304278 0.367036 1.303657 0.366059 1.448963 0.453823 1.451154 0.454846 1.451230 0.454900 1.484771 0.481839 1.458146 0.459278 1.453471 0.454349
42.084168 1.239409 0.414364 1.336358 0.281864 1.337413 0.283758 1.336697 0.282938 1.489993 0.361383 1.492282 0.362268 1.492363 0.362316 1.528247 0.387343 1.499683 0.366321 1.494545 0.361628
42.184369 1.280928 0.328269 1.359951 0.180853 1.361192 0.182158 1.360395 0.181558 1.520689 0.248343 1.523061 0.249055 1.523147 0.249097 1.561153 0.271756 1.530835 0.252608 1.525257 0.248245
42.284569 1.313821 0.225771 1.372620 0.066518 1.373987 0.067099 1.373134 0.066771 1.539241 0.120016 1.541679 0.120529 1.541769 0.120565 1.581655 0.140477 1.549781 0.123473 1.543791 0.119530
42.384770 1.336443 0.111510 1.373305 -0.055263 1.374724 -0.055484 1.373841 -0.055510 1.544438 -0.017057 1.546921 -0.016761 1.547015 -0.016733 1.588523 0.000158 1.555296 -0.014512 1.548932 -0.017956
42.484970 1.347616 -0.008820 1.361572 -0.178022 1.362963 -0.179057 1.362082 -0.178773 1.535763 -0.155624 1.538270 -0.155551 1.538366 -0.155531 1.581236 -0.141811 1.546856 -0.154053 1.540160 -0.156937
42.585170 1.346733 -0.128893 1.337656 -0.295250 1.338937 -0.297038 1.338089 -0.296464 1.513437 -0.288330 1.515945 -0.288475 1.516043 -0.288463 1.560021 -0.277926 1.524676 -0.287745 1.517696 -0.290035
42.685371 1.333818 -0.242284 1.302430 -0.400956 1.303526 -0.403376 1.302738 -0.402554 1.478397 -0.408351 1.480885 -0.408695 1.480983 -0.408691 1.525832 -0.401198 1.489691 -0.408708 1.482478 -0.410404
42.785571 1.309541 -0.343015 1.257326 -0.490165 1.258175 -0.493044 1.257473 -0.492035 1.432213 -0.509949 1.434661 -0.510465 1.434759 -0.510467 1.480262 -0.505730 1.443474 -0.511151 1.436079 -0.512290
42.885772 1.275170 -0.426070 1.204216 -0.559265 1.204774 -0.562409 1.204175 -0.561284 1.376957 -0.588888 1.379348 -0.589539 1.379446 -0.589546 1.425419 -0.587128 1.388105 -0.590788 1.380579 -0.591444
42.985972 1.232478 -0.487767 1.145258 -0.606198 1.145500 -0.609410 1.145016 -0.608240 1.315040 -0.642652 1.317362 -0.643395 1.317458 -0.643406 1.363757 -0.642736 1.326008 -0.645063 1.318396 -0.645346
43.086172 1.183604 -0.525983 1.082738 -0.630454 1.082658 -0.633556 1.082291 -0.632410 1.249037 -0.670461 1.251282 -0.671251 1.251377 -0.671264 1.297905 -0.671651 1.259775 -0.673170 1.252114 -0.673218
43.186373 1.130900 -0.540173 1.018916 -0.632912 1.018525 -0.635763 1.018273 -0.634696 1.181521 -0.673102 1.183686 -0.673894 1.183780 -0.673908 1.230495 -0.674569 1.192000 -0.675883 1.184314 -0.675855
43.286573 1.076774 -0.531226 0.955902 -0.615555 0.955225 -0.618060 0.955080 -0.617112 1.114920 -0.652630 1.117008 -0.653383 1.117100 -0.653396 1.164024 -0.653485 1.125134 -0.655260 1.117432 -0.655325
43.386774 1.023545 -0.501190 0.895559 -0.581136 0.894630 -0.583245 0.894580 -0.582441 1.051407 -0.611996 1.053423 -0.612671 1.053514 -0.612680 1.100741 -0.611320 1.061373 -0.614263 1.053647 -0.614590
43.486974 0.973326 -0.452917 0.839445 -0.532827 0.838302 -0.534535 0.838333 -0.533883 0.992832 -0.554659 0.994787 -0.555221 0.994877 -0.555225 1.042574 -0.551539 1.002588 -0.556372 0.994813 -0.557124
43.587174 0.927943 -0.389704 0.788787 -0.473918 0.787469 -0.475251 0.787565 -0.474749 0.940687 -0.484247 0.942594 -0.484668 0.942684 -0.484665 0.991098 -0.477811 0.950293 -0.485245 0.942426 -0.486570
43.687375 0.888895 -0.314979 0.744482 -0.407581 0.743026 -0.408586 0.743173 -0.408223 0.896102 -0.404298 0.897978 -0.404556 0.898069 -0.404545 0.947523 -0.393737 0.905635 -0.404445 0.897616 -0.406477
43.787575 0.857334 -0.232054 0.707122 -0.336717 0.705558 -0.337453 0.705742 -0.337213 0.859867 -0.318092 0.861730 -0.318167 0.861822 -0.318146 0.912714 -0.302686 0.869417 -0.317282 0.861173 -0.320132
43.887776 0.834082 -0.143991 0.677022 -0.263891 0.675376 -0.264416 0.675585 -0.264283 0.832459 -0.228577 0.834327 -0.228455 0.834423 -0.228425 0.887216 -0.207722 0.842128 -0.226732 0.833571 -0.230491
43.987976 0.819654 -0.053547 0.654258 -0.191333 0.652551 -0.191697 0.652774 -0.191657 0.814074 -0.138384 0.815970 -0.138057 0.816069 -0.138015 0.871283 -0.111612 0.823971 -0.135452 0.815006 -0.140189
44.088176 0.814289 0.036790 0.638699 -0.120989 0.636946 -0.121232 0.637174 -0.121272 0.804661 -0.049893 0.806604 -0.049356 0.806707 -0.049303 0.864906 -0.016901 0.814898 -0.045851 0.805422 -0.051609
44.188377 0.817975 0.124719 0.630031 -0.054603 0.628244 -0.054748 0.628470 -0.054860 0.803936 0.034664 0.805947 0.035410 0.806057 0.035474 0.867826 0.073988 0.814626 0.039812 0.804534 0.033017
44.288577 0.830472 0.208013 0.627774 0.006205 0.625963 0.006147 0.626179 0.005968 0.811397 0.113105 0.813496 0.114051 0.813612 0.114126 0.879541 0.158645 0.822650 0.119320 0.811837 0.111507
44.388778 0.851315 0.284418 0.631289 0.059871 0.629465 0.059898 0.629663 0.059656 0.826319 0.183214 0.828524 0.184345 0.828649 0.184431 0.899305 0.234593 0.838239 0.190422 0.826604 0.181648
44.488978 0.879814 0.351581 0.639784 0.104856 0.637954 0.104972 0.638130 0.104669 0.847754 0.242716 0.850084 0.244010 0.850217 0.244105 0.926116 0.299269 0.860435 0.250801 0.847885 0.241168
44.589178 0.915042 0.407033 0.652310 0.139663 0.650487 0.139870 0.650632 0.139510 0.874525 0.289311 0.876992 0.290736 0.877135 0.290839 0.958712 0.350058 0.888045 0.298111 0.874502 0.287771
44.689379 0.955827 0.448246 0.667777 0.162898 0.665970 0.163193 0.666080 0.162785 0.905225 0.320780 0.907841 0.322296 0.907994 0.322403 0.995571 0.384427 0.919643 0.330087 0.905047 0.319242
44.789579 1.000741 0.472764 0.684957 0.173390 0.683178 0.173758 0.683247 0.173315 0.938238 0.335158 0.941007 0.336717 0.941172 0.336827 1.034928 0.400114 0.953589 0.344720 0.937903 0.333624
44.889780 1.048113 0.478404 0.702524 0.170333 0.700781 0.170744 0.700806 0.170287 0.971770 0.330964 0.974696 0.332513 0.974872 0.332622 1.074818 0.395390 0.988065 0.340489 0.971281 0.329440
44.989980 1.096049 0.463517 0.719092 0.153444 0.717391 0.153857 0.717370 0.153409 1.003916 0.307445 1.006994 0.308923 1.007181 0.309028 1.113143 0.369332 1.021135 0.316613 1.003275 0.305942
45.090180 1.142493 0.427267 0.733276 0.123111 0.731619 0.123471 0.731553 0.123063 1.032741 0.264802 1.035962 0.266150 1.036159 0.266247 1.147766 0.322078 1.050833 0.273280 1.031951 0.263335
45.190381 1.185306 0.369894 0.743766 0.080485 0.742150 0.080733 0.742043 0.080397 1.056385 0.204354 1.059733 0.205513 1.059939 0.205599 1.176629 0.255013 1.075267 0.211814 1.055453 0.202940
45.290581 1.222369 0.292906 0.749411 0.027504 0.747825 0.027585 0.747685 0.027349 1.073178 0.128596 1.076632 0.129515 1.076846 0.129586 1.197882 0.170836 1.092739 0.134739 1.072113 0.127254
45.390782 1.251718 0.199169 0.749287 -0.033178 0.747716 -0.033306 0.747552 -0.033418 1.081758 0.041123 1.085293 0.041761 1.085514 0.041814 1.210011 0.073480 1.101860 0.045700 1.080571 0.039870
45.490982 1.271675 0.092840 0.742774 -0.098350 0.741196 -0.098710 0.741022 -0.098685 1.081170 -0.053580 1.084758 -0.053253 1.084983 -0.053219 1.211950 -0.032117 1.101656 -0.050751 1.079872 -0.054732
45.591182 1.280978 -0.020859 0.729592 -0.164496 0.727985 -0.165084 0.727815 -0.164919 1.070940 -0.150481 1.074547 -0.150477 1.074775 -0.150463 1.203164 -0.140384 1.091636 -0.149494 1.069541 -0.151521
45.691383 1.278888 -0.136005 0.709824 -0.228084 0.708165 -0.228870 0.708012 -0.228575 1.051106 -0.244416 1.054702 -0.244731 1.054929 -0.244736 1.183684 -0.245579 1.071835 -0.245269 1.049618 -0.245339
45.791583 1.265260 -0.246466 0.683898 -0.285873 0.682168 -0.286801 0.682045 -0.286399 1.022214 -0.330532 1.025766 -0.331144 1.025992 -0.331168 1.154103 -0.342271 1.042800 -0.333127 1.020647 -0.331339
45.891784 1.240564 -0.346417 0.652547 -0.335183 0.650731 -0.336184 0.650648 -0.335703 0.985262 -0.404696 0.988742 -0.405567 0.988965 -0.405608 1.115517 -0.425797 1.005541 -0.408840 0.983625 -0.405392
45.991984 1.205853 -0.430847 0.616737 -0.374099 0.614826 -0.375095 0.614792 -0.374571 0.941613 -0.463803 0.944997 -0.464883 0.945214 -0.464937 1.069430 -0.492608 0.961442 -0.469225 0.939913 -0.464401
46.092184 1.162682 -0.495956 0.577583 -0.401571 0.575578 -0.402489 0.575597 -0.401959 0.892881 -0.505959 0.896149 -0.507192 0.896361 -0.507256 1.017633 -0.540475 0.912144 -0.512330 0.891124 -0.506479
46.192385 1.112987 -0.539403 0.536265 -0.417426 0.534171 -0.418207 0.534243 -0.417701 0.840807 -0.530522 0.843946 -0.531843 0.844151 -0.531913 0.962066 -0.568544 0.859420 -0.537475 0.838997 -0.530986
46.292585 1.058938 -0.560377 0.493932 -0.422273 0.491762 -0.422878 0.491885 -0.422423 0.787136 -0.537994 0.790141 -0.539342 0.790339 -0.539414 0.904688 -0.577233 0.805053 -0.545153 0.785276 -0.538435
46.392786 1.002788 -0.559495 0.451641 -0.417352 0.449410 -0.417767 0.449578 -0.417381 0.733516 -0.529829 0.736387 -0.531144 0.736577 -0.531214 0.847360 -0.568020 0.750727 -0.536824 0.731606 -0.530282
46.492986 0.946727 -0.538557 0.410294 -0.404341 0.408020 -0.404575 0.408227 -0.404265 0.681409 -0.508163 0.684153 -0.509391 0.684337 -0.509455 0.791755 -0.543162 0.697942 -0.514654 0.679447 -0.508667
46.593186 0.892763 -0.500224 0.370611 -0.385147 0.368309 -0.385231 0.368547 -0.384998 0.632045 -0.475535 0.634672 -0.476629 0.634850 -0.476684 0.739296 -0.505388 0.647959 -0.481221 0.630024 -0.476131
46.693387 0.842641 -0.447656 0.333113 -0.361733 0.330795 -0.361712 0.331058 -0.361548 0.586387 -0.434625 0.588914 -0.435546 0.589087 -0.435589 0.691124 -0.457617 0.601772 -0.439251 0.584297 -0.435354
46.793587 0.797785 -0.384190 0.298124 -0.335956 0.295800 -0.335888 0.296080 -0.335782 0.545132 -0.388044 0.547579 -0.388762 0.547748 -0.388791 0.648092 -0.402723 0.560104 -0.391407 0.542961 -0.388946
46.893788 0.759289 -0.313075 0.265793 -0.309473 0.263465 -0.309415 0.263757 -0.309353 0.508728 -0.338188 0.511115 -0.338677 0.511282 -0.338690 0.610776 -0.343376 0.523420 -0.340130 0.506457 -0.339300
46.993988 0.727919 -0.237301 0.236112 -0.283666 0.233778 -0.283677 0.234078 -0.283643 0.477394 -0.287148 0.479747 -0.287394 0.479914 -0.287389 0.579503 -0.281946 0.491956 -0.287559 0.475002 -0.288503
47.094188 0.704141 -0.159517 0.208953 -0.259624 0.206605 -0.259756 0.206910 -0.259734 0.451158 -0.236695 0.453502 -0.236687 0.453670 -0.236664 0.554379 -0.220483 0.465749 -0.235507 0.448621 -0.238320
47.194389 0.688158 -0.082031 0.184090 -0.238136 0.181717 -0.238434 0.182025 -0.238411 0.429887 -0.188294 0.432246 -0.188027 0.432417 -0.187986 0.535320 -0.160742 0.444669 -0.185478 0.427175 -0.190209
47.294589 0.679938 -0.006866 0.161236 -0.219715 0.158820 -0.220215 0.159133 -0.220177 0.413311 -0.143150 0.415712 -0.142629 0.415888 -0.142569 0.522079 -0.104238 0.428450 -0.138723 0.410396 -0.145369
47.394790 0.679250 0.064145 0.140064 -0.204622 0.137585 -0.205346 0.137903 -0.205285 0.401053 -0.102271 0.403520 -0.101506 0.403704 -0.101428 0.514268 -0.052314 0.416709 -0.096292 0.397903 -0.104796
47.494990 0.685677 0.129264 0.120234 -0.192895 0.117670 -0.193855 0.117996 -0.193763 0.392641 -0.066519 0.395198 -0.065528 0.395390 -0.065433 0.511365 -0.006209 0.408966 -0.059095 0.389226 -0.069341
47.595190 0.698630 0.186769 0.101411 -0.184376 0.098741 -0.185572 0.099077 -0.185444 0.387523 -0.036648 0.390191 -0.035457 0.390393 -0.035347 0.512731 0.032910 0.404654 -0.027940 0.383813 -0.039742
47.695391 0.717344 0.234909 0.083287 -0.178743 0.080487 -0.180161 0.080837 -0.179993 0.385076 -0.013318 0.387873 -0.011962 0.388087 -0.011839 0.517609 0.063937 0.403131 -0.003543 0.381045 -0.016645
47.795591 0.740882 0.271917 0.065592 -0.175529 0.062643 -0.177141 0.063011 -0.176934 0.384616 0.002920 0.387555 0.004397 0.387782 0.004530 0.525137 0.085858 0.403689 0.013484 0.380243 -0.000582
47.895792 0.768128 0.296077 0.048111 -0.174154 0.044996 -0.175919 0.045385 -0.175675 0.385410 0.011659 0.388501 0.013206 0.388742 0.013344 0.534358 0.097823 0.405563 0.022677 0.380680 0.008057
47.995992 0.797795 0.305851 0.030691 -0.173959 0.027397 -0.175821 0.027811 -0.175547 0.386695 0.012700 0.389942 0.014256 0.390197 0.014394 0.544242 0.099243 0.407954 0.023785 0.381603 0.009088
48.096192 0.828442 0.300052 0.013249 -0.174247 0.009770 -0.176138 0.010211 -0.175842 0.387700 0.006111 0.391101 0.007611 0.391369 0.007745 0.553719 0.089902 0.410051 0.016838 0.382249 0.002591
48.196393 0.858507 0.278040 -0.004228 -0.174329 -0.007892 -0.176172 -0.007422 -0.175865 0.387678 -0.007711 0.391223 -0.006335 0.391504 -0.006211 0.561720 0.070062 0.411063 0.002217 0.381884 -0.011029
48.296593 0.886367 0.239918 -0.021686 -0.173584 -0.025527 -0.175293 -0.025027 -0.174990 0.385938 -0.028004 0.389612 -0.026817 0.389905 -0.026708 0.567235 0.040539 0.410257 -0.019311 0.379827 -0.031008
48.396794 0.910407 0.186679 -0.039014 -0.171508 -0.043015 -0.172999 -0.042486 -0.172715 0.381886 -0.053639 0.385668 -0.052701 0.385971 -0.052612 0.569361 0.002730 0.406997 -0.046582 0.375496 -0.056227
48.496994 0.929112 0.120295 -0.056057 -0.167769 -0.060192 -0.168961 -0.059637 -0.168713 0.375057 -0.083166 0.378919 -0.082526 0.379230 -0.082460 0.567368 -0.041433 0.400781 -0.078080 0.368435 -0.085247
48.597194 0.941165 0.043690 -0.072636 -0.162241 -0.076874 -0.163067 -0.076296 -0.162869 0.365144 -0.114896 0.369055 -0.114589 0.369371 -0.114551 0.560741 -0.089586 0.391274 -0.112026 0.358344 -0.116405
48.697395 0.945543 -0.039398 -0.088571 -0.155027 -0.092873 -0.155436 -0.092278 -0.155301 0.352015 -0.147034 0.355941 -0.147078 0.356260 -0.147068 0.549216 -0.139108 0.378324 -0.146513 0.345099 -0.147932
48.797595 0.941596 -0.124666 -0.103705 -0.146449 -0.108028 -0.146415 -0.107422 -0.146353 0.335721 -0.177821 0.339626 -0.178216 0.339944 -0.178234 0.532795 -0.187332 0.361974 -0.179658 0.328748 -0.178101
48.897796 0.929104 -0.207588 -0.117922 -0.137028 -0.122222 -0.136548 -0.121613 -0.136563 0.316476 -0.205687 0.320325 -0.206414 0.320640 -0.206459 0.511739 -0.231775 0.342443 -0.209768 0.309507 -0.205376
48.997996 0.908304 -0.283799 -0.131167 -0.127432 -0.135402 -0.126533 -0.134797 -0.126624 0.294639 -0.229388 0.298401 -0.230410 0.298710 -0.230479 0.486536 -0.270343 0.320106 -0.235480 0.287730 -0.228542
49.098196 0.879867 -0.349471 -0.143461 -0.118424 -0.147590 -0.117153 -0.146996 -0.117316 0.270672 -0.248093 0.274320 -0.249360 0.274621 -0.249449 0.457856 -0.301494 0.295453 -0.255865 0.263872 -0.246795
49.198397 0.844850 -0.401633 -0.154901 -0.110794 -0.158891 -0.109219 -0.158315 -0.109444 0.245099 -0.261438 0.248611 -0.262889 0.248902 -0.262994 0.426487 -0.324331 0.269043 -0.270489 0.238447 -0.259792
49.298597 0.804606 -0.438377 -0.165665 -0.105304 -0.169488 -0.103508 -0.168936 -0.103781 0.218456 -0.269517 0.221816 -0.271088 0.222096 -0.271202 0.393275 -0.338625 0.241454 -0.279401 0.211980 -0.267642
49.398798 0.760680 -0.458940 -0.176004 -0.102641 -0.179643 -0.100712 -0.179119 -0.101018 0.191247 -0.272832 0.194447 -0.274455 0.194715 -0.274574 0.359054 -0.344762 0.213236 -0.283090 0.184963 -0.270852
49.498998 0.714694 -0.463655 -0.186234 -0.103382 -0.189679 -0.101409 -0.189185 -0.101733 0.163912 -0.272206 0.166949 -0.273817 0.167205 -0.273935 0.324593 -0.343636 0.184874 -0.282393 0.157824 -0.270245
49.599198 0.668236 -0.453785 -0.196722 -0.107977 -0.199971 -0.106045 -0.199510 -0.106371 0.136794 -0.268675 0.139673 -0.270216 0.139917 -0.270328 0.290553 -0.336510 0.156754 -0.278382 0.130895 -0.266854
49.699399 0.622767 -0.431289 -0.207873 -0.116744 -0.210934 -0.114932 -0.210505 -0.115244 0.110128 -0.263382 0.112858 -0.264802 0.113092 -0.264903 0.257458 -0.324858 0.129151 -0.272246 0.104398 -0.261809
49.799599 0.579551 -0.398547 -0.220118 -0.129869 -0.223006 -0.128244 -0.222607 -0.128531 0.084033 -0.257466 0.086628 -0.258723 0.086853 -0.258811 0.225679 -0.310223 0.102217 -0.265186 0.078443 -0.256238
49.899800 0.539617 -0.358105 -0.233901 -0.147410 -0.236636 -0.146031 -0.236264 -0.146279 0.058517 -0.251983 0.060996 -0.253045 0.061213 -0.253115 0.195439 -0.294087 0.075989 -0.258316 0.053029 -0.251183
50.000000 0.503735 -0.312456 -0.249663 -0.169293 -0.252271 -0.168210 -0.251922 -0.168408 0.033490 -0.247834 0.035874 -0.248676 0.036084 -0.248727 0.166819 -0.277779 0.050398 -0.252598 0.028058 -0.247528
