# euler(y0, y1, ) runge2a(y0, y1, ) runge2b(y0, y1, ) runge2c(y0, y1, ) runge3(y0, y1, ) runge4a(y0, y1, ) runge4b(y0, y1, ) adams2(y0, y1, ) adams3(y0, y1, ) adams4(y0, y1, ) 
0.000000 1.000000 0.000000 1.000000 0.000000 1.000000 0.000000 1.000000 0.000000 1.000000 0.000000 1.000000 0.000000 1.000000 0.000000 1.000000 0.000000 1.000000 0.000000 1.000000 0.000000
0.100200 1.000000 0.150301 1.007530 0.148897 1.007530 0.149597 1.007530 0.149363 1.007507 0.149734 1.007516 0.149736 1.007516 0.149736 1.007516 0.149736 1.007516 0.149736 1.007516 0.149736
0.200401 1.015060 0.297794 1.029895 0.294353 1.029965 0.295771 1.029941 0.295297 1.029874 0.296013 1.029892 0.296019 1.029892 0.296020 1.029922 0.295717 1.029892 0.296019 1.029892 0.296019
0.300601 1.044899 0.439073 1.066571 0.432609 1.066783 0.434790 1.066712 0.434061 1.066571 0.435074 1.066598 0.435087 1.066598 0.435089 1.066603 0.434445 1.067714 0.436304 1.066598 0.435087
0.400802 1.088895 0.570420 1.116635 0.559354 1.117068 0.562355 1.116923 0.561351 1.116665 0.562596 1.116700 0.562617 1.116700 0.562619 1.116620 0.561578 1.117979 0.563685 1.122336 0.563659
0.501002 1.146051 0.687578 1.178702 0.669603 1.179437 0.673468 1.179191 0.672174 1.178753 0.673573 1.178796 0.673602 1.178796 0.673604 1.178560 0.672108 1.180171 0.674778 1.183771 0.674139
0.601202 1.214946 0.785654 1.250850 0.757746 1.251976 0.762485 1.251599 0.760895 1.250902 0.762372 1.250950 0.762410 1.250951 0.762412 1.250475 0.760416 1.252433 0.763681 1.255846 0.763528
0.701403 1.293669 0.859203 1.330570 0.817815 1.332174 0.823371 1.331637 0.821504 1.330588 0.822998 1.330642 0.823043 1.330643 0.823045 1.329832 0.820545 1.332234 0.824396 1.335678 0.824410
0.801603 1.379762 0.902509 1.414747 0.843952 1.416911 0.850184 1.416186 0.848083 1.414691 0.849569 1.414750 0.849620 1.414751 0.849622 1.413500 0.846677 1.416450 0.851041 1.419922 0.851104
0.901804 1.470193 0.910062 1.499699 0.831073 1.502488 0.837737 1.501552 0.835483 1.499533 0.836987 1.499597 0.837041 1.499598 0.837043 1.497804 0.833791 1.501404 0.838513 1.504911 0.838501
1.002004 1.561382 0.877211 1.581294 0.775640 1.584748 0.782389 1.583587 0.780096 1.580995 0.781706 1.581065 0.781763 1.581066 0.781766 1.578641 0.778435 1.582979 0.783266 1.586512 0.783051
1.102204 1.649279 0.800910 1.655142 0.676420 1.659263 0.682827 1.657876 0.680638 1.654714 0.682506 1.654791 0.682564 1.654793 0.682566 1.651681 0.679467 1.656813 0.684069 1.660351 0.683531
1.202405 1.729530 0.680455 1.716864 0.535108 1.721612 0.540699 1.720010 0.538773 1.716349 0.541097 1.716436 0.541155 1.716438 0.541158 1.712631 0.538663 1.718569 0.542624 1.722073 0.541662
1.302605 1.797712 0.518093 1.762407 0.356649 1.767693 0.360961 1.765906 0.359455 1.761891 0.362449 1.761990 0.362504 1.761993 0.362506 1.757545 0.361007 1.764239 0.363886 1.767657 0.362431
1.402806 1.849625 0.319338 1.788381 0.149162 1.794070 0.151799 1.792142 0.150849 1.787992 0.154699 1.788106 0.154747 1.788109 0.154750 1.783143 0.154604 1.790475 0.155982 1.793745 0.154002
1.503006 1.881623 0.092912 1.792359 -0.076593 1.798277 -0.075895 1.796265 -0.076197 1.792257 -0.071373 1.792387 -0.071335 1.792391 -0.071332 1.787097 -0.069861 1.794881 -0.070319 1.797931 -0.072809
1.603206 1.890933 -0.149766 1.773103 -0.308150 1.779053 -0.309487 1.777024 -0.309104 1.773469 -0.303289 1.773614 -0.303266 1.773618 -0.303262 1.768244 -0.300050 1.776229 -0.302541 1.778991 -0.305480
1.703407 1.875927 -0.395523 1.730681 -0.532570 1.736458 -0.535846 1.734480 -0.534806 1.731692 -0.528095 1.731851 -0.528090 1.731855 -0.528085 1.726682 -0.523178 1.734576 -0.527721 1.736987 -0.531011
1.803607 1.836295 -0.630681 1.666448 -0.737765 1.671860 -0.742706 1.670000 -0.741097 1.668260 -0.733678 1.668429 -0.733692 1.668434 -0.733687 1.663750 -0.727301 1.671242 -0.733725 1.673254 -0.737247
1.903808 1.773100 -0.842455 1.582895 -0.913708 1.587781 -0.919899 1.586092 -0.917856 1.585625 -0.909975 1.585801 -0.910008 1.585806 -0.910003 1.581877 -0.902493 1.588667 -0.910458 1.590249 -0.914090
2.004008 1.688686 -1.020262 1.483388 -1.053339 1.487630 -1.060281 1.486154 -1.057972 1.487106 -1.049879 1.487284 -1.049927 1.487289 -1.049922 1.484332 -1.041723 1.490162 -1.050774 1.491302 -1.054409
2.104208 1.586455 -1.156741 1.371837 -1.153049 1.375366 -1.160224 1.374127 -1.157823 1.376563 -1.149718 1.376739 -1.149775 1.376743 -1.149771 1.374910 -1.141330 1.379580 -1.150963 1.380287 -1.154523
2.204409 1.470550 -1.248315 1.252334 -1.212689 1.255133 -1.219624 1.254139 -1.217291 1.258047 -1.209280 1.258218 -1.209342 1.258223 -1.209338 1.257589 -1.201047 1.260977 -1.210782 1.261271 -1.214229
2.304609 1.345468 -1.295246 1.128820 -1.235175 1.130920 -1.241490 1.130161 -1.239356 1.135474 -1.231427 1.135639 -1.231487 1.135644 -1.231484 1.136215 -1.223625 1.138275 -1.233074 1.138184 -1.236409
2.404810 1.215684 -1.301203 1.004804 -1.225795 1.006271 -1.231227 1.005726 -1.229383 1.012345 -1.221405 1.012504 -1.221460 1.012509 -1.221456 1.014235 -1.214173 1.014986 -1.223082 1.014542 -1.226338
2.505010 1.085303 -1.272466 0.883169 -1.191359 0.884093 -1.195771 0.883733 -1.194267 0.891551 -1.186006 0.891706 -1.186053 0.891711 -1.186049 0.894502 -1.179343 0.894016 -1.187604 0.893244 -1.190842
2.605210 0.957801 -1.216944 0.766058 -1.139350 0.766542 -1.142720 0.766332 -1.141567 0.775264 -1.132717 0.775415 -1.132754 0.775421 -1.132750 0.779170 -1.126494 0.777551 -1.134146 0.776467 -1.137441
2.705411 0.835863 -1.143163 0.654851 -1.077177 0.655000 -1.079576 0.654904 -1.078754 0.664899 -1.068966 0.665049 -1.068992 0.665056 -1.068987 0.669659 -1.062962 0.667019 -1.070159 0.665629 -1.073593
2.805611 0.721317 -1.059391 0.550206 -1.011600 0.550115 -1.013165 0.550101 -1.012630 0.561158 -1.001546 0.561309 -1.001560 0.561316 -1.001554 0.566690 -0.995480 0.563134 -1.002458 0.561426 -1.006115
2.905812 0.615166 -0.972974 0.452145 -0.948347 0.451897 -0.949253 0.451937 -0.948949 0.464109 -0.936223 0.464264 -0.936223 0.464272 -0.936216 0.470363 -0.929789 0.465972 -0.936828 0.463924 -0.940790
3.006012 0.517673 -0.889933 0.360178 -0.891907 0.359838 -0.892347 0.359908 -0.892210 0.373307 -0.877525 0.373466 -0.877511 0.373475 -0.877502 0.380269 -0.870423 0.375090 -0.877814 0.372667 -0.882159
3.106212 0.428502 -0.814780 0.273429 -0.845459 0.273041 -0.845627 0.273126 -0.845594 0.287914 -0.828674 0.288080 -0.828643 0.288090 -0.828633 0.295610 -0.820626 0.289655 -0.828646 0.286811 -0.833447
3.206413 0.346861 -0.750526 0.190767 -0.810888 0.190360 -0.810971 0.190449 -0.810979 0.206838 -0.791599 0.207011 -0.791551 0.207022 -0.791539 0.215332 -0.782367 0.208574 -0.791262 0.205254 -0.796587
3.306613 0.271658 -0.698801 0.110941 -0.788849 0.110523 -0.789018 0.110611 -0.789011 0.128854 -0.767011 0.129034 -0.766944 0.129047 -0.766930 0.138241 -0.756402 0.130620 -0.766375 0.126762 -0.772279
3.406814 0.201637 -0.660027 0.032692 -0.778842 0.032253 -0.779256 0.032343 -0.779180 0.052721 -0.754480 0.052911 -0.754393 0.052925 -0.754377 0.063128 -0.742360 0.054552 -0.753559 0.050091 -0.760081
3.507014 0.135502 -0.633608 -0.045134 -0.779296 -0.045617 -0.780093 -0.045519 -0.779902 -0.022701 -0.752526 -0.022502 -0.752419 -0.022485 -0.752401 -0.011130 -0.738828 -0.020772 -0.751341 -0.025906 -0.758493
3.607214 0.072015 -0.618096 -0.123479 -0.787654 -0.124044 -0.788951 -0.123926 -0.788604 -0.098359 -0.758707 -0.098148 -0.758582 -0.098130 -0.758563 -0.085464 -0.743449 -0.096302 -0.757287 -0.102177 -0.765048
3.707415 0.010081 -0.611346 -0.202982 -0.800492 -0.203680 -0.802374 -0.203527 -0.801841 -0.174910 -0.769740 -0.174685 -0.769600 -0.174665 -0.769579 -0.160528 -0.753034 -0.172698 -0.768123 -0.179377 -0.776426
3.807615 -0.051176 -0.610643 -0.283900 -0.813679 -0.284789 -0.816193 -0.284582 -0.815454 -0.252645 -0.781658 -0.252406 -0.781506 -0.252384 -0.781484 -0.236622 -0.763733 -0.250256 -0.779898 -0.257793 -0.788623
3.907816 -0.112363 -0.612854 -0.366045 -0.822624 -0.367188 -0.825766 -0.366907 -0.824819 -0.331437 -0.790048 -0.331182 -0.789889 -0.331157 -0.789866 -0.313636 -0.771258 -0.328853 -0.788213 -0.337287 -0.797182
4.008016 -0.173771 -0.614584 -0.448755 -0.822614 -0.450213 -0.826318 -0.449837 -0.825180 -0.410702 -0.790368 -0.410431 -0.790210 -0.410404 -0.790187 -0.391023 -0.771205 -0.407915 -0.788544 -0.417265 -0.797521
4.108216 -0.235352 -0.612392 -0.530897 -0.809235 -0.532726 -0.813364 -0.532236 -0.812077 -0.489414 -0.778355 -0.489128 -0.778206 -0.489099 -0.778184 -0.467807 -0.759439 -0.486424 -0.776639 -0.496682 -0.785338
4.208417 -0.296714 -0.603044 -0.610927 -0.778853 -0.613165 -0.783205 -0.612547 -0.781831 -0.566153 -0.750479 -0.565853 -0.750348 -0.565822 -0.750327 -0.542630 -0.732536 -0.562973 -0.748975 -0.574100 -0.757076
4.308617 -0.357140 -0.583807 -0.686984 -0.729095 -0.689651 -0.733409 -0.688897 -0.732031 -0.639199 -0.704399 -0.638888 -0.704295 -0.638855 -0.704276 -0.613852 -0.688222 -0.635855 -0.703210 -0.647778 -0.710379
4.408818 -0.415637 -0.552753 -0.757046 -0.659253 -0.760135 -0.663235 -0.759246 -0.661948 -0.706675 -0.639350 -0.706358 -0.639280 -0.706323 -0.639265 -0.679682 -0.625738 -0.703206 -0.638569 -0.715815 -0.644486
4.509018 -0.471023 -0.509032 -0.819114 -0.570537 -0.822585 -0.573889 -0.821572 -0.572789 -0.766718 -0.556384 -0.766399 -0.556356 -0.766364 -0.556345 -0.738346 -0.546073 -0.763175 -0.556081 -0.776329 -0.560473
4.609218 -0.522029 -0.453067 -0.871406 -0.466107 -0.875193 -0.468560 -0.874076 -0.467737 -0.817663 -0.458408 -0.817348 -0.458424 -0.817312 -0.458418 -0.788261 -0.451991 -0.814105 -0.458622 -0.827635 -0.461289
4.709419 -0.567426 -0.386621 -0.912553 -0.350853 -0.916561 -0.352209 -0.915369 -0.351729 -0.858223 -0.349982 -0.857917 -0.350043 -0.857880 -0.350042 -0.828208 -0.347843 -0.854714 -0.350716 -0.868431 -0.351553
4.809619 -0.606166 -0.312709 -0.941754 -0.230947 -0.945871 -0.231100 -0.944639 -0.231001 -0.887632 -0.236901 -0.887341 -0.237005 -0.887304 -0.237010 -0.857468 -0.239165 -0.884237 -0.238123 -0.897946 -0.237133
4.909820 -0.637499 -0.235352 -0.958874 -0.113220 -0.962980 -0.112171 -0.961745 -0.112456 -0.905746 -0.125614 -0.905473 -0.125757 -0.905437 -0.125766 -0.875911 -0.132126 -0.902522 -0.127260 -0.916033 -0.124555
5.010020 -0.661082 -0.159193 -0.964479 -0.004458 -0.968456 -0.002314 -0.967257 -0.002951 -0.913071 -0.022566 -0.912818 -0.022741 -0.912783 -0.022755 -0.884028 -0.032906 -0.910065 -0.024550 -0.923205 -0.020336
5.110220 -0.677033 -0.089031 -0.959797 0.089253 -0.963538 0.092297 -0.962410 0.091368 -0.910731 0.066424 -0.910501 0.066223 -0.910468 0.066206 -0.882895 0.052896 -0.907977 0.064196 -0.920599 0.069641
5.210421 -0.685954 -0.029350 -0.946615 0.163047 -0.950035 0.166741 -0.949004 0.165600 -0.900382 0.136659 -0.900176 0.136439 -0.900144 0.136419 -0.874097 0.120732 -0.897900 0.134281 -0.909892 0.140634
5.310621 -0.688895 0.016086 -0.927137 0.213596 -0.930175 0.217665 -0.929262 0.216400 -0.884079 0.184871 -0.883896 0.184637 -0.883866 0.184616 -0.859598 0.167400 -0.881876 0.182424 -0.893163 0.189348
5.410822 -0.687283 0.044519 -0.903817 0.239185 -0.906441 0.243364 -0.905657 0.242060 -0.864128 0.209304 -0.863970 0.209063 -0.863942 0.209041 -0.841609 0.191130 -0.862201 0.206854 -0.872746 0.214023
5.511022 -0.682822 0.054317 -0.879205 0.239586 -0.881409 0.243644 -0.880756 0.242377 -0.842941 0.209609 -0.842807 0.209365 -0.842781 0.209342 -0.822444 0.191490 -0.841278 0.207202 -0.851078 0.214321
5.611222 -0.677379 0.044940 -0.855803 0.215773 -0.857602 0.219531 -0.857075 0.218357 -0.822903 0.186580 -0.822794 0.186337 -0.822770 0.186316 -0.804406 0.169146 -0.821489 0.184246 -0.830570 0.191063
5.711423 -0.672876 0.016779 -0.835965 0.169558 -0.837391 0.172893 -0.836981 0.171854 -0.806276 0.141827 -0.806191 0.141587 -0.806170 0.141566 -0.789688 0.125554 -0.805095 0.139577 -0.813508 0.145889
5.811623 -0.671195 -0.029078 -0.821830 0.103235 -0.822926 0.106072 -0.822619 0.105192 -0.795135 0.077428 -0.795076 0.077192 -0.795056 0.077173 -0.780314 0.062642 -0.794173 0.075265 -0.801984 0.080915
5.911824 -0.674109 -0.091097 -0.815290 0.019273 -0.816107 0.021575 -0.815887 0.020865 -0.791335 -0.004347 -0.791302 -0.004580 -0.791284 -0.004598 -0.778108 -0.017459 -0.790580 -0.006429 -0.797868 -0.001556
6.012024 -0.683237 -0.167511 -0.817989 -0.079874 -0.818580 -0.078124 -0.818430 -0.078658 -0.796502 -0.101222 -0.796498 -0.101455 -0.796482 -0.101470 -0.784679 -0.112579 -0.795947 -0.103233 -0.802797 -0.099216
6.112224 -0.700021 -0.256449 -0.831327 -0.191833 -0.831747 -0.190652 -0.831649 -0.191004 -0.812039 -0.210974 -0.812064 -0.211210 -0.812049 -0.211223 -0.801426 -0.220574 -0.811678 -0.212930 -0.818181 -0.209815
6.212425 -0.725718 -0.355978 -0.856471 -0.314255 -0.856775 -0.313668 -0.856711 -0.313831 -0.839124 -0.331369 -0.839180 -0.331614 -0.839167 -0.331626 -0.829532 -0.339261 -0.838956 -0.333287 -0.845203 -0.331099
6.312625 -0.761387 -0.464036 -0.894348 -0.444641 -0.894596 -0.444699 -0.894548 -0.444655 -0.878707 -0.459999 -0.878795 -0.460258 -0.878783 -0.460269 -0.869954 -0.466254 -0.878731 -0.461897 -0.884814 -0.460639
6.412826 -0.807883 -0.578288 -0.945625 -0.580100 -0.945881 -0.580882 -0.945828 -0.580604 -0.931474 -0.594030 -0.931597 -0.594310 -0.931586 -0.594320 -0.923390 -0.598728 -0.931692 -0.595928 -0.937701 -0.595583
6.513026 -0.865828 -0.695925 -1.010650 -0.717071 -1.010986 -0.718680 -1.010905 -0.718133 -0.997799 -0.729933 -0.997959 -0.730239 -0.997949 -0.730247 -0.990217 -0.733149 -0.998212 -0.731847 -1.004235 -0.732378
6.613226 -0.935560 -0.813452 -1.089374 -0.851064 -1.089873 -0.853619 -1.089737 -0.852762 -1.077653 -0.863221 -1.077852 -0.863557 -1.077842 -0.863564 -1.070411 -0.865025 -1.078263 -0.865168 -1.084385 -0.866517
6.713427 -1.017068 -0.926499 -1.181245 -0.976490 -1.182004 -0.980104 -1.181781 -0.978898 -1.170504 -0.988287 -1.170744 -0.988653 -1.170734 -0.988660 -1.163440 -0.988749 -1.171310 -0.990279 -1.177609 -0.992361
6.813627 -1.109904 -1.029724 -1.285096 -1.086633 -1.286221 -1.091391 -1.285876 -1.089804 -1.275198 -1.098372 -1.275480 -1.098768 -1.275471 -1.098774 -1.268147 -1.097581 -1.276198 -1.100421 -1.282746 -1.103120
6.913828 -1.213083 -1.116841 -1.399031 -1.173832 -1.400636 -1.179756 -1.400131 -1.177779 -1.389855 -1.185762 -1.390180 -1.186183 -1.390172 -1.186189 -1.382647 -1.183841 -1.391045 -1.187875 -1.397903 -1.191041
7.014028 -1.324991 -1.180830 -1.520347 -1.229913 -1.522550 -1.236932 -1.521846 -1.234585 -1.511789 -1.242216 -1.512159 -1.242656 -1.512151 -1.242661 -1.504256 -1.239350 -1.513164 -1.244396 -1.520378 -1.247843
7.114228 -1.443310 -1.214347 -1.645511 -1.246867 -1.648421 -1.254789 -1.647480 -1.252132 -1.637490 -1.259659 -1.637905 -1.260108 -1.637898 -1.260113 -1.629472 -1.256117 -1.639046 -1.261909 -1.646642 -1.265413
7.214429 -1.564988 -1.210351 -1.770220 -1.217749 -1.773922 -1.226248 -1.772716 -1.223386 -1.762686 -1.231084 -1.763145 -1.231531 -1.763138 -1.231536 -1.754043 -1.227238 -1.764419 -1.233399 -1.772401 -1.236712
7.314629 -1.686266 -1.162899 -1.889549 -1.137685 -1.894098 -1.146303 -1.892607 -1.143386 -1.882494 -1.151565 -1.882998 -1.151997 -1.882992 -1.152003 -1.873129 -1.147888 -1.884405 -1.153933 -1.892750 -1.156790
7.414830 -1.802789 -1.068033 -1.998220 -1.004849 -2.003620 -1.013026 -2.001840 -1.010241 -1.991687 -1.019233 -1.992236 -1.019638 -1.992231 -1.019644 -1.981561 -1.016284 -1.993782 -1.021631 -2.002435 -1.023770
7.515030 -1.909806 -0.924633 -2.090943 -0.821226 -2.097140 -0.828350 -2.095089 -0.825901 -2.085036 -0.836038 -2.085629 -0.836400 -2.085625 -0.836407 -2.074188 -0.834421 -2.087325 -0.838425 -2.096201 -0.839611
7.615230 -2.002455 -0.735098 -2.162834 -0.592977 -2.169714 -0.598455 -2.167427 -0.596542 -2.157715 -0.608110 -2.158350 -0.608415 -2.158348 -0.608423 -2.146276 -0.608409 -2.160213 -0.610425 -2.169198 -0.610474
7.715431 -2.076112 -0.505678 -2.209836 -0.330290 -2.217226 -0.333626 -2.214760 -0.332419 -2.205720 -0.345607 -2.206395 -0.345842 -2.206393 -0.345851 -2.193916 -0.348315 -2.208442 -0.347770 -2.217400 -0.346572
7.815631 -2.126781 -0.246353 -2.229102 -0.046655 -2.236780 -0.047522 -2.234209 -0.047136 -2.226240 -0.061997 -2.226948 -0.062150 -2.226948 -0.062160 -2.214383 -0.067438 -2.229195 -0.063913 -2.237976 -0.061442
7.915832 -2.151466 0.029806 -2.219276 0.242356 -2.226990 0.244065 -2.224397 0.243590 -2.217928 0.227166 -2.218663 0.227102 -2.218664 0.227090 -2.206397 0.218893 -2.221117 0.225597 -2.229569 0.229275
8.016032 -2.148479 0.307751 -2.180628 0.520654 -2.188121 0.524806 -2.185593 0.523507 -2.181039 0.505784 -2.181791 0.505811 -2.181792 0.505799 -2.170245 0.494830 -2.184448 0.504650 -2.192429 0.509390
8.116232 -2.117642 0.571921 -2.115025 0.773274 -2.122056 0.779516 -2.119673 0.777507 -2.117397 0.758861 -2.118155 0.758975 -2.118158 0.758962 -2.107750 0.745607 -2.120996 0.758222 -2.128386 0.763821
8.216433 -2.060336 0.807833 -2.025738 0.987856 -2.032104 0.995662 -2.029936 0.993116 -2.030213 0.973965 -2.030966 0.974156 -2.030969 0.974142 -2.022078 0.958974 -2.033957 0.973842 -2.040664 0.980065
8.316633 -1.979390 1.003543 -1.917114 1.155716 -1.922668 1.164464 -1.920765 1.161587 -1.923765 1.142311 -1.924502 1.142562 -1.924506 1.142549 -1.917436 1.126233 -1.927598 1.142673 -1.933566 1.149287
8.416834 -1.878835 1.150753 -1.794167 1.272377 -1.798824 1.281430 -1.797217 1.278436 -1.803005 1.259297 -1.803718 1.259590 -1.803723 1.259577 -1.798682 1.242778 -1.806865 1.260066 -1.812069 1.266861
8.517034 -1.763529 1.245402 -1.662146 1.337539 -1.665884 1.346319 -1.664581 1.343403 -1.673132 1.324487 -1.673815 1.324801 -1.673821 1.324788 -1.670918 1.308074 -1.676961 1.325545 -1.681407 1.332359
8.617234 -1.638739 1.287663 -1.526129 1.354544 -1.528983 1.362589 -1.527973 1.359909 -1.539202 1.341098 -1.539854 1.341413 -1.539861 1.341400 -1.539109 1.325168 -1.542951 1.342302 -1.546665 1.349022
8.717435 -1.509715 1.281421 -1.390694 1.329509 -1.392742 1.336502 -1.392001 1.334168 -1.405799 1.315139 -1.406420 1.315439 -1.406428 1.315426 -1.407770 1.299868 -1.409436 1.316339 -1.412455 1.322906
8.817635 -1.381316 1.233367 -1.259695 1.270294 -1.261045 1.276069 -1.260537 1.274141 -1.276809 1.254396 -1.277402 1.254665 -1.277411 1.254651 -1.280744 1.239753 -1.280319 1.255450 -1.282685 1.261849
8.917836 -1.257732 1.151898 -1.136133 1.185490 -1.136909 1.190016 -1.136592 1.188508 -1.155290 1.167415 -1.155860 1.167642 -1.155871 1.167627 -1.161074 1.153187 -1.158678 1.168200 -1.160428 1.174451
9.018036 -1.142312 1.046038 -1.022137 1.083560 -1.022463 1.086911 -1.022296 1.085802 -1.043445 1.062643 -1.043999 1.062818 -1.044011 1.062802 -1.050976 1.048478 -1.046733 1.063061 -1.047896 1.069209
9.118236 -1.037498 0.924509 -0.919012 0.972203 -0.919004 0.974522 -0.918947 0.973768 -0.942661 0.947785 -0.943206 0.947901 -0.943221 0.947883 -0.951873 0.933242 -0.945888 0.947762 -0.946480 0.953869
9.218437 -0.944862 0.795078 -0.827341 0.857974 -0.827100 0.859440 -0.827119 0.858982 -0.853611 0.829417 -0.854154 0.829466 -0.854171 0.829446 -0.864485 0.814016 -0.856825 0.828903 -0.856850 0.835041
9.318637 -0.865195 0.664192 -0.747113 0.746123 -0.746724 0.746924 -0.746789 0.746703 -0.776370 0.712831 -0.776919 0.712808 -0.776938 0.712785 -0.788945 0.696096 -0.779627 0.711792 -0.779077 0.718040
9.418838 -0.798643 0.536877 -0.677860 0.640630 -0.677387 0.640940 -0.677474 0.640897 -0.710548 0.602066 -0.711111 0.601967 -0.711133 0.601940 -0.724920 0.583561 -0.713909 0.600483 -0.712764 0.606922
9.519038 -0.744847 0.416849 -0.618772 0.544337 -0.618265 0.544307 -0.618357 0.544394 -0.655407 0.500059 -0.655991 0.499879 -0.656016 0.499848 -0.671727 0.479414 -0.658934 0.497922 -0.657164 0.504631
9.619238 -0.703079 0.306749 -0.568812 0.459159 -0.568304 0.458912 -0.568388 0.459088 -0.609961 0.408859 -0.610573 0.408595 -0.610601 0.408561 -0.628422 0.385800 -0.613716 0.406169 -0.611282 0.413219
9.719439 -0.672342 0.208442 -0.526789 0.386288 -0.526302 0.385920 -0.526369 0.386153 -0.573053 0.329853 -0.573701 0.329507 -0.573732 0.329468 -0.593881 0.304226 -0.577095 0.326623 -0.573954 0.334072
9.819639 -0.651456 0.123298 -0.491425 0.326385 -0.490972 0.325970 -0.491016 0.326234 -0.543412 0.263961 -0.544102 0.263537 -0.544137 0.263494 -0.566848 0.235756 -0.547797 0.260221 -0.543901 0.268103
9.919840 -0.639102 0.052430 -0.461399 0.279707 -0.460985 0.279302 -0.461003 0.279578 -0.519691 0.211776 -0.520429 0.211282 -0.520469 0.211235 -0.545975 0.181151 -0.524470 0.207575 -0.519772 0.215891
10.020040 -0.633848 -0.003157 -0.435383 0.246188 -0.435008 0.245841 -0.434998 0.246110 -0.500499 0.173632 -0.501291 0.173080 -0.501336 0.173030 -0.529848 0.140937 -0.505715 0.169047 -0.500169 0.177754
10.120240 -0.634165 -0.042511 -0.412069 0.225460 -0.411728 0.225215 -0.411691 0.225460 -0.484421 0.149608 -0.485272 0.149014 -0.485321 0.148962 -0.517008 0.115397 -0.490108 0.144744 -0.483679 0.153753
10.220441 -0.638424 -0.064781 -0.390203 0.216834 -0.389886 0.216732 -0.389824 0.216935 -0.470052 0.139476 -0.470963 0.138863 -0.471018 0.138809 -0.505986 0.104510 -0.476230 0.134470 -0.468893 0.143637
10.320641 -0.644916 -0.069340 -0.368615 0.219259 -0.368308 0.219338 -0.368227 0.219480 -0.456026 0.142615 -0.456999 0.142007 -0.457059 0.141954 -0.495331 0.107843 -0.462702 0.137632 -0.454451 0.146762
10.420842 -0.651863 -0.055976 -0.346263 0.231285 -0.345948 0.231579 -0.345852 0.231644 -0.441065 0.157921 -0.442097 0.157346 -0.442163 0.157295 -0.483663 0.124442 -0.448228 0.153150 -0.439077 0.162003
10.521042 -0.657472 -0.025110 -0.322267 0.251063 -0.321923 0.251596 -0.321821 0.251570 -0.424026 0.183746 -0.425113 0.183233 -0.425184 0.183186 -0.469730 0.152753 -0.431647 0.179391 -0.421637 0.187695
10.621242 -0.659988 0.022021 -0.295953 0.276393 -0.295557 0.277171 -0.295458 0.277044 -0.403962 0.217900 -0.405097 0.217479 -0.405172 0.217438 -0.452467 0.190597 -0.411992 0.214170 -0.401190 0.221637
10.721443 -0.657782 0.083235 -0.266883 0.304831 -0.266411 0.305841 -0.266325 0.305612 -0.380166 0.257733 -0.381339 0.257429 -0.381418 0.257396 -0.431059 0.235246 -0.388537 0.254820 -0.377038 0.261174
10.821643 -0.649442 0.155393 -0.234872 0.333870 -0.234302 0.335071 -0.234239 0.334748 -0.352217 0.300298 -0.353416 0.300133 -0.353498 0.300108 -0.404985 0.283581 -0.360843 0.298367 -0.348767 0.303362
10.921844 -0.633871 0.234533 -0.199984 0.361145 -0.199297 0.362473 -0.199267 0.362074 -0.319991 0.342589 -0.321201 0.342576 -0.321285 0.342562 -0.374046 0.332340 -0.328772 0.341758 -0.316262 0.345210
11.022044 -0.610371 0.316136 -0.162507 0.384670 -0.161692 0.386040 -0.161702 0.385590 -0.283660 0.381823 -0.284866 0.381970 -0.284950 0.381967 -0.338362 0.378418 -0.292485 0.382154 -0.279697 0.383954
11.122244 -0.578694 0.395524 -0.122904 0.403034 -0.121957 0.404349 -0.122012 0.403880 -0.243648 0.415722 -0.244834 0.416024 -0.244918 0.416032 -0.298344 0.419172 -0.252402 0.417211 -0.239502 0.417340
11.222445 -0.539062 0.468313 -0.081746 0.415553 -0.080672 0.416714 -0.080774 0.416262 -0.200576 0.442739 -0.201726 0.443185 -0.201809 0.443202 -0.254625 0.452693 -0.209146 0.445317 -0.196295 0.443851
11.322645 -0.492137 0.530880 -0.039632 0.422328 -0.038448 0.423248 -0.038594 0.422847 -0.155174 0.462214 -0.156273 0.462784 -0.156354 0.462811 -0.207984 0.477984 -0.163453 0.465751 -0.150805 0.462858
11.422846 -0.438943 0.580735 0.002887 0.424225 0.004157 0.424838 0.003971 0.424514 -0.108191 0.474417 -0.109228 0.475087 -0.109306 0.475121 -0.159247 0.495037 -0.116088 0.478737 -0.103776 0.474656
11.523046 -0.380753 0.616765 0.045383 0.422764 0.046709 0.423031 0.046491 0.422804 -0.060305 0.480484 -0.061272 0.481226 -0.061346 0.481265 -0.109189 0.504792 -0.067747 0.485381 -0.055880 0.480407
11.623246 -0.318953 0.639297 0.087609 0.419951 0.088958 0.419865 0.088718 0.419745 -0.012044 0.482271 -0.012935 0.483056 -0.013005 0.483099 -0.058451 0.508996 -0.018978 0.487526 -0.007635 0.481983
11.723447 -0.254895 0.649982 0.129541 0.418089 0.130879 0.417672 0.130628 0.417658 0.036278 0.482140 0.035467 0.482943 0.035402 0.482987 -0.007464 0.509997 0.029884 0.487540 0.040657 0.481759
11.823647 -0.189766 0.651533 0.171395 0.419579 0.172690 0.418877 0.172438 0.418960 0.084601 0.482733 0.083870 0.483530 0.083810 0.483574 0.043593 0.510500 0.078756 0.488086 0.088946 0.482381
11.923848 -0.124483 0.647362 0.213625 0.426752 0.214852 0.425830 0.214608 0.425994 0.133132 0.486746 0.132481 0.487519 0.132424 0.487561 0.094816 0.513328 0.127826 0.491893 0.137452 0.486545
12.024048 -0.059617 0.641192 0.256917 0.441732 0.258054 0.440668 0.257825 0.440892 0.182345 0.496743 0.181770 0.497479 0.181717 0.497517 0.146581 0.521208 0.177553 0.501559 0.186659 0.496810
12.124248 0.004631 0.636687 0.302151 0.466338 0.303186 0.465219 0.302979 0.465477 0.232956 0.514998 0.232452 0.515689 0.232403 0.515723 0.199521 0.536601 0.228642 0.519396 0.237295 0.515443
12.224449 0.068427 0.637146 0.350376 0.502002 0.351304 0.500921 0.351122 0.501184 0.285889 0.543380 0.285453 0.544024 0.285407 0.544052 0.254494 0.561557 0.282008 0.547310 0.290297 0.544304
12.324649 0.132270 0.645272 0.402761 0.549697 0.403587 0.548753 0.403430 0.548990 0.342232 0.583255 0.341859 0.583852 0.341816 0.583875 0.312539 0.597609 0.338736 0.586693 0.346762 0.584748
12.424850 0.196926 0.663026 0.460550 0.609857 0.461286 0.609158 0.461152 0.609334 0.403180 0.635386 0.402867 0.635940 0.402826 0.635957 0.374815 0.645663 0.400019 0.638331 0.407893 0.637529
12.525050 0.263362 0.691525 0.524997 0.682260 0.525668 0.681926 0.525551 0.682001 0.469970 0.699824 0.469714 0.700343 0.469674 0.700354 0.442536 0.705889 0.467095 0.702293 0.474936 0.702685
12.625251 0.332653 0.730982 0.597300 0.765890 0.597943 0.766057 0.597832 0.765986 0.543804 0.775774 0.543603 0.776266 0.543563 0.776271 0.516891 0.777587 0.541168 0.777796 0.549098 0.779409
12.725451 0.405897 0.780657 0.678511 0.858769 0.679176 0.859585 0.679057 0.859318 0.625753 0.861438 0.625605 0.861911 0.625566 0.861911 0.598945 0.859044 0.623312 0.863049 0.631456 0.865883
12.825651 0.484120 0.838806 0.769430 0.957778 0.770182 0.959401 0.770035 0.958883 0.716654 0.953855 0.716558 0.954319 0.716518 0.954314 0.689536 0.947379 0.714366 0.955099 0.722848 0.959126
12.925852 0.568168 0.902641 0.870483 1.058517 0.871402 1.061102 0.871202 1.060280 0.816982 1.048776 0.816937 1.049238 0.816896 1.049228 0.789147 1.038429 0.814808 1.049701 0.823747 1.054858
13.026052 0.658613 0.968310 0.981587 1.155245 0.982771 1.158929 0.982488 1.157754 0.926720 1.140610 0.926725 1.141076 0.926683 1.141062 0.897775 1.126711 0.924624 1.141272 0.934133 1.147451
13.126253 0.755638 1.030928 1.102019 1.240956 1.103577 1.245828 1.103175 1.244266 1.045225 1.222509 1.045279 1.222983 1.045235 1.222966 1.014802 1.205511 1.043176 1.222972 1.053354 1.230011
13.226453 0.858938 1.084705 1.230293 1.307648 1.232344 1.313726 1.231784 1.311765 1.171115 1.286638 1.171219 1.287121 1.171173 1.287102 1.138884 1.267154 1.169086 1.286974 1.180017 1.294652
13.326653 0.967626 1.123196 1.364081 1.346828 1.366747 1.354025 1.365989 1.351689 1.302194 1.324668 1.302347 1.325159 1.302300 1.325138 1.267879 1.303498 1.300164 1.324960 1.311909 1.332992
13.426854 1.080170 1.139707 1.500200 1.350246 1.503589 1.358348 1.502597 1.355701 1.435435 1.328493 1.435638 1.328989 1.435588 1.328968 1.398838 1.306637 1.433393 1.328833 1.445980 1.336875
13.527054 1.194369 1.127861 1.634671 1.310817 1.638870 1.319471 1.637613 1.316625 1.567047 1.291135 1.567299 1.291630 1.567247 1.291610 1.528068 1.269778 1.564994 1.291618 1.578414 1.299276
13.627255 1.307381 1.082287 1.762891 1.223630 1.767949 1.232356 1.766409 1.229466 1.692636 1.207721 1.692938 1.208208 1.692885 1.208190 1.651303 1.188194 1.690586 1.208438 1.704788 1.215290
13.727455 1.415827 0.999374 1.879898 1.086897 1.885814 1.095117 1.883989 1.092370 1.807465 1.076401 1.807819 1.076871 1.807764 1.076858 1.763951 1.060111 1.805449 1.077432 1.820334 1.083059
13.827655 1.515965 0.877979 1.980730 0.902658 1.987444 0.909752 1.985352 0.907353 1.906795 0.899041 1.907200 0.899484 1.907145 0.899476 1.861432 0.887358 1.904856 0.900439 1.920281 0.904460
13.927856 1.603939 0.719969 2.060833 0.677079 2.068223 0.682460 2.065902 0.680605 1.986271 0.681511 1.986728 0.681915 1.986673 0.681914 1.939554 0.675646 1.984467 0.683293 2.000246 0.685403
14.028056 1.676080 0.530468 2.116478 0.420238 2.124364 0.423424 2.121870 0.422276 2.042326 0.433476 2.042832 0.433829 2.042777 0.433835 1.994893 0.434349 2.040718 0.435618 2.056631 0.435619
14.128257 1.729233 0.317717 2.145127 0.145346 2.153282 0.146034 2.150689 0.145699 2.072518 0.167659 2.073070 0.167951 2.073017 0.167966 2.025126 0.175787 2.071168 0.170099 2.086979 0.167924
14.228457 1.761068 0.092505 2.145694 -0.132486 2.153864 -0.134379 2.151255 -0.133868 2.075789 -0.101346 2.076382 -0.101123 2.076330 -0.101100 2.029262 -0.085921 2.074751 -0.098706 2.090217 -0.102985
14.328657 1.770337 -0.132786 2.118666 -0.397783 2.126595 -0.402102 2.124053 -0.400791 2.052576 -0.358549 2.053201 -0.358398 2.053151 -0.358368 2.007751 -0.336273 2.051886 -0.355821 2.066780 -0.362006
14.428858 1.757032 -0.345400 2.066060 -0.636284 2.073508 -0.642662 2.071113 -0.640667 2.004772 -0.590080 2.005420 -0.589999 2.005373 -0.589963 1.962438 -0.561835 2.004449 -0.587374 2.018572 -0.595168
14.529058 1.722423 -0.533506 1.991223 -0.836316 1.997992 -0.844224 1.995810 -0.841716 1.935547 -0.784523 1.936209 -0.784504 1.936166 -0.784463 1.896394 -0.751519 1.935589 -0.781928 1.948783 -0.790969
14.629259 1.668965 -0.687376 1.898512 -0.989758 1.904458 -0.998585 1.902537 -0.995764 1.849051 -0.933856 1.849718 -0.933886 1.849678 -0.933841 1.813623 -0.897485 1.849438 -0.931426 1.861592 -0.941328
14.729459 1.600090 -0.800250 1.792905 -1.092482 1.797946 -1.101608 1.796314 -1.098679 1.750046 -1.033888 1.750710 -1.033950 1.750675 -1.033903 1.718720 -0.995563 1.750743 -1.031636 1.761795 -1.042029
14.829659 1.519905 -0.868768 1.679591 -1.144249 1.683708 -1.153118 1.682373 -1.150267 1.643522 -1.084183 1.644180 -1.084260 1.644149 -1.084212 1.616506 -1.045190 1.644492 -1.082083 1.654424 -1.092641
14.929860 1.432854 -0.892928 1.563599 -1.148157 1.566824 -1.156329 1.565776 -1.153702 1.534345 -1.087548 1.534995 -1.087621 1.534969 -1.087573 1.511690 -1.048932 1.535551 -1.085542 1.544380 -1.096001
15.030060 1.343382 -0.875639 1.449499 -1.109790 1.451906 -1.116966 1.451121 -1.114665 1.426971 -1.049223 1.427615 -1.049274 1.427593 -1.049227 1.408602 -1.011721 1.428384 -1.047234 1.436153 -1.057397
15.130261 1.255643 -0.821974 1.341198 -1.036253 1.342892 -1.042274 1.342335 -1.040354 1.325246 -0.975953 1.325888 -0.975967 1.325871 -0.975921 1.310999 -0.939973 1.326851 -0.973894 1.333618 -0.983633
15.230461 1.173280 -0.738311 1.241842 -0.935242 1.242938 -0.940072 1.242572 -0.938548 1.232306 -0.875097 1.232951 -0.875060 1.232939 -0.875014 1.221968 -0.840741 1.234099 -0.872882 1.239931 -0.882126
15.330661 1.099301 -0.631488 1.153795 -0.814288 1.154412 -0.817982 1.154197 -0.816838 1.150547 -0.753888 1.151204 -0.753785 1.151197 -0.753740 1.143898 -0.720995 1.152542 -0.751436 1.157502 -0.760165
15.430862 1.036026 -0.508124 1.078690 -0.680228 1.078941 -0.682900 1.078839 -0.682101 1.081673 -0.618922 1.082351 -0.618741 1.082348 -0.618696 1.078514 -0.587139 1.083895 -0.616162 1.088043 -0.624390
15.531062 0.985112 -0.374162 1.017519 -0.538937 1.017503 -0.540723 1.017481 -0.540225 1.026768 -0.475891 1.027477 -0.475619 1.027479 -0.475574 1.026947 -0.444737 1.029254 -0.472759 1.032640 -0.480534
15.631263 0.947621 -0.234658 0.970736 -0.395276 0.970541 -0.396307 0.970569 -0.396068 0.986396 -0.329545 0.987146 -0.329170 0.987153 -0.329124 0.989820 -0.298475 0.989193 -0.325986 0.991857 -0.333374
15.731463 0.924108 -0.093791 0.938359 -0.253222 0.938059 -0.253607 0.938111 -0.253593 0.960687 -0.183827 0.961489 -0.183338 0.961501 -0.183290 0.967327 -0.152292 0.963846 -0.179791 0.965817 -0.186874
15.831663 0.914710 0.044959 0.920045 -0.116115 0.919704 -0.115930 0.919758 -0.116116 0.949404 -0.042126 0.950271 -0.041513 0.950287 -0.041462 0.959296 -0.009622 0.952982 -0.037573 0.954281 -0.044440
15.931864 0.919215 0.178534 0.915141 0.013047 0.914817 0.013762 0.914852 0.013387 0.951989 0.092416 0.952931 0.093157 0.952953 0.093211 0.965221 0.126300 0.956042 0.097513 0.956680 0.090772
16.032064 0.937104 0.303978 0.922706 0.131325 0.922450 0.132557 0.922448 0.131997 0.967564 0.216608 0.968595 0.217478 0.968622 0.217536 0.984266 0.252152 0.972152 0.222259 0.972131 0.215559
16.132265 0.967563 0.418162 0.941497 0.235619 0.941364 0.237372 0.941306 0.236625 0.994924 0.326987 0.996053 0.327982 0.996086 0.328043 1.015245 0.364306 1.000101 0.333179 0.999419 0.326450
16.232465 1.009463 0.517579 0.969953 0.322564 0.969995 0.324838 0.969861 0.323905 1.032495 0.419715 1.033733 0.420823 1.033772 0.420887 1.056584 0.458728 1.038311 0.426404 1.036961 0.419595
16.332665 1.061324 0.598277 1.006159 0.388562 1.006428 0.391337 1.006201 0.390224 1.078301 0.490633 1.079658 0.491831 1.079703 0.491899 1.106283 0.531041 1.084797 0.497739 1.082771 0.490824
16.432866 1.121272 0.655941 1.047832 0.429979 1.048380 0.433196 1.048041 0.431924 1.129944 0.535484 1.131425 0.536743 1.131477 0.536813 1.161895 0.576768 1.137150 0.542887 1.134441 0.535872
16.533066 1.186997 0.686161 1.092331 0.443495 1.093202 0.447039 1.092735 0.445650 1.184608 0.550317 1.186216 0.551600 1.186276 0.551670 1.220535 0.591749 1.192540 0.557857 1.189144 0.550781
16.633267 1.255751 0.684846 1.136708 0.426565 1.137935 0.430260 1.137328 0.428817 1.239119 0.532010 1.240855 0.533271 1.240922 0.533340 1.278942 0.572682 1.247776 0.539488 1.243695 0.532424
16.733467 1.324373 0.648779 1.177815 0.377933 1.179410 0.381545 1.178659 0.380131 1.290056 0.478856 1.291916 0.480046 1.291990 0.480112 1.333599 0.517737 1.299418 0.486042 1.294664 0.479096
16.833667 1.389381 0.576223 1.212451 0.298104 1.214404 0.301357 1.213514 0.300071 1.333921 0.391107 1.335896 0.392173 1.335976 0.392234 1.380906 0.427104 1.343949 0.397748 1.338540 0.391054
16.933868 1.447119 0.467499 1.237568 0.189672 1.239839 0.192279 1.238823 0.191224 1.367356 0.271356 1.369433 0.272247 1.369520 0.272301 1.417411 0.303400 1.377990 0.277192 1.371958 0.270904
17.034068 1.493962 0.325406 1.250485 0.057418 1.253006 0.059114 1.251890 0.058386 1.387388 0.124667 1.389549 0.125337 1.389641 0.125382 1.440060 0.151788 1.398547 0.129450 1.391934 0.123729
17.134269 1.526568 0.155401 1.249109 -0.091897 1.251785 -0.091314 1.250603 -0.091639 1.391669 -0.041629 1.393892 -0.041218 1.393988 -0.041184 1.446440 -0.020225 1.403251 -0.038120 1.396111 -0.043113
17.234469 1.542139 -0.034571 1.232113 -0.250033 1.234831 -0.250668 1.233623 -0.250549 1.378675 -0.218477 1.380935 -0.218349 1.381033 -0.218326 1.434992 -0.203344 1.390564 -0.216410 1.382963 -0.220535
17.334669 1.538675 -0.234603 1.199053 -0.408029 1.201690 -0.409870 1.200501 -0.409307 1.347847 -0.395919 1.350114 -0.396084 1.350215 -0.396074 1.405137 -0.387332 1.359910 -0.395396 1.351923 -0.398544
17.434870 1.515168 -0.433683 1.150396 -0.557103 1.152831 -0.560018 1.151707 -0.559053 1.299625 -0.564090 1.301870 -0.564542 1.301971 -0.564544 1.357327 -0.562020 1.311720 -0.565131 1.303432 -0.567242
17.535070 1.471713 -0.620774 1.087457 -0.689549 1.089585 -0.693302 1.088565 -0.692014 1.235391 -0.714224 1.237586 -0.714939 1.237685 -0.714952 1.292971 -0.718335 1.247372 -0.716759 1.238875 -0.717831
17.635271 1.409511 -0.785943 1.012249 -0.799497 1.013990 -0.803780 1.013104 -0.802275 1.157314 -0.839506 1.159431 -0.840448 1.159529 -0.840470 1.214287 -0.849174 1.169040 -0.843380 1.160427 -0.843476
17.735471 1.330759 -0.921378 0.927267 -0.883409 0.928569 -0.887885 0.927839 -0.886283 1.068120 -0.935659 1.070138 -0.936779 1.070233 -0.936809 1.124066 -0.950003 1.079462 -0.940640 1.070824 -0.939887
17.835671 1.238437 -1.022113 0.835232 -0.940260 0.836081 -0.944607 0.835514 -0.943022 0.970828 -1.001170 0.972729 -1.002414 0.972820 -1.002451 1.025404 -1.019103 0.981676 -1.006970 0.973095 -1.005554
17.935872 1.136020 -1.086358 0.738847 -0.971401 0.739258 -0.975348 0.738851 -0.973879 0.868471 -1.037175 0.870244 -1.038487 0.870331 -1.038528 0.921423 -1.057464 0.878743 -1.043477 0.870285 -1.041626
18.036072 1.027167 -1.115416 0.640565 -0.980163 0.640581 -0.983513 0.640321 -0.982236 0.763852 -1.047042 0.765493 -1.048373 0.765575 -1.048414 0.815026 -1.068376 0.773496 -1.053526 0.765207 -1.051494
18.136273 0.915402 -1.113213 0.542421 -0.971291 0.542101 -0.973937 0.541970 -0.972897 0.659350 -1.035773 0.660858 -1.037076 0.660937 -1.037116 0.708696 -1.056826 0.668347 -1.042140 0.660248 -1.040187
18.236473 0.803857 -1.085584 0.445918 -0.950328 0.445332 -0.952247 0.445305 -0.951459 0.556790 -1.009315 0.558171 -1.010554 0.558245 -1.010591 0.604366 -1.028810 0.565150 -1.015304 0.557237 -1.013681
18.336673 0.695081 -1.039432 0.351977 -0.923017 0.351198 -0.924261 0.351249 -0.923715 0.457380 -0.973906 0.458642 -0.975053 0.458713 -0.975084 0.503350 -0.990663 0.465142 -0.979308 0.457384 -0.978244
18.436874 0.590930 -0.981915 0.260950 -0.894809 0.260042 -0.895484 0.260149 -0.895150 0.361714 -0.935516 0.362868 -0.936552 0.362937 -0.936577 0.406346 -0.948488 0.368941 -0.940173 0.361280 -0.939867
18.537074 0.492542 -0.919767 0.172665 -0.870486 0.171685 -0.870738 0.171825 -0.870571 0.269820 -0.899429 0.270878 -0.900344 0.270945 -0.900360 0.313476 -0.907721 0.276589 -0.903235 0.268946 -0.903856
18.637275 0.400381 -0.858797 0.086512 -0.853910 0.085501 -0.853907 0.085659 -0.853855 0.181241 -0.869965 0.182216 -0.870752 0.182282 -0.870760 0.224367 -0.872842 0.187642 -0.872854 0.179919 -0.874540
18.737475 0.314329 -0.803606 0.001548 -0.847878 0.000530 -0.847799 0.000694 -0.847803 0.095145 -0.850317 0.096049 -0.850977 0.096115 -0.850976 0.138260 -0.847201 0.101274 -0.852260 0.093357 -0.855121
18.837675 0.233807 -0.757465 -0.083399 -0.854031 -0.084416 -0.854058 -0.084251 -0.854059 0.010438 -0.842478 0.011284 -0.843016 0.011350 -0.843005 0.054121 -0.832947 0.016395 -0.843471 0.008158 -0.847595
18.937876 0.157909 -0.722333 -0.169601 -0.872810 -0.170629 -0.873125 -0.170462 -0.873063 -0.074112 -0.847213 -0.073313 -0.847637 -0.073246 -0.847615 -0.029238 -0.831001 -0.068229 -0.847275 -0.076920 -0.852721
19.038076 0.085531 -0.698944 -0.258315 -0.903422 -0.259382 -0.904200 -0.259209 -0.904016 -0.159750 -0.864055 -0.158990 -0.864372 -0.158919 -0.864341 -0.113034 -0.841060 -0.153845 -0.863221 -0.163129 -0.870019
19.138277 0.015496 -0.686932 -0.350656 -0.943810 -0.351809 -0.945219 -0.351615 -0.944854 -0.247617 -0.891302 -0.246884 -0.891526 -0.246810 -0.891485 -0.198393 -0.861613 -0.241597 -0.889626 -0.251616 -0.897770
19.238477 -0.053335 -0.684955 -0.447467 -0.990653 -0.448768 -0.992841 -0.448537 -0.992244 -0.338618 -0.926045 -0.337904 -0.926188 -0.337825 -0.926139 -0.286231 -0.889977 -0.332397 -0.923604 -0.343289 -0.933038
19.338677 -0.121967 -0.690820 -0.549196 -1.039410 -0.550724 -1.042499 -0.550431 -1.041625 -0.433310 -0.964227 -0.432609 -0.964304 -0.432525 -0.964247 -0.377138 -0.922363 -0.426812 -0.961123 -0.438705 -0.971729
19.438878 -0.191188 -0.701597 -0.655777 -1.084462 -0.657620 -1.088522 -0.657239 -1.087342 -0.531794 -1.000777 -0.531099 -1.000805 -0.531008 -1.000740 -0.471275 -0.954017 -0.524949 -0.997144 -0.537959 -1.008729
19.539078 -0.261488 -0.713763 -0.766531 -1.119374 -0.768787 -1.124412 -0.768287 -1.122916 -0.633617 -1.029861 -0.632923 -1.029856 -0.632826 -1.029787 -0.568287 -0.979458 -0.626374 -1.025866 -0.640592 -1.038155
19.639279 -0.333007 -0.723374 -0.880104 -1.137330 -0.882869 -1.143262 -0.882218 -1.141470 -0.737721 -1.045263 -0.737026 -1.045245 -0.736922 -1.045173 -0.667248 -0.992842 -0.730044 -1.041110 -0.745531 -1.053741
19.739479 -0.405490 -0.726307 -0.994453 -1.131716 -0.997814 -1.138355 -0.996983 -1.136319 -0.842427 -1.040914 -0.841731 -1.040902 -0.841620 -1.040831 -0.766649 -0.988454 -0.834305 -1.036839 -0.851081 -1.049366
19.839679 -0.478266 -0.718565 -1.106900 -1.096839 -1.110924 -1.103890 -1.109889 -1.101697 -0.945483 -1.011529 -0.944786 -1.011542 -0.944668 -1.011475 -0.864446 -0.961305 -0.936929 -1.007789 -0.954966 -1.019705
19.939880 -0.550266 -0.696648 -1.214263 -1.028690 -1.218983 -1.035760 -1.217731 -1.033533 -1.044171 -0.953292 -1.043479 -0.953350 -1.043354 -0.953290 -0.958158 -0.907762 -1.035230 -0.950153 -1.054445 -0.960912
20.040080 -0.620071 -0.657950 -1.313060 -0.925654 -1.318472 -0.932279 -1.317001 -0.930163 -1.135495 -0.864492 -1.134814 -0.864611 -1.134684 -0.864562 -1.045045 -0.826140 -1.126242 -0.862203 -1.146494 -0.871264
20.140281 -0.685998 -0.601147 -1.399784 -0.789019 -1.405835 -0.794708 -1.404160 -0.792860 -1.216413 -0.745985 -1.215751 -0.746179 -1.215618 -0.746143 -1.122318 -0.717129 -1.206951 -0.744761 -1.228043 -0.751631
20.240481 -0.746233 -0.526495 -1.471213 -0.623177 -1.477801 -0.627472 -1.475949 -0.626040 -1.284106 -0.601398 -1.283474 -0.601674 -1.283338 -0.601654 -1.187395 -0.583978 -1.274562 -0.601393 -1.296248 -0.605676
20.340681 -0.798988 -0.435991 -1.524716 -0.435438 -1.531694 -0.437969 -1.529710 -0.437076 -1.336254 -0.436976 -1.335661 -0.437335 -1.335524 -0.437333 -1.238147 -0.432364 -1.326772 -0.438268 -1.348767 -0.439703
20.440882 -0.842674 -0.333334 -1.558532 -0.235433 -1.565719 -0.235973 -1.563659 -0.235697 -1.371274 -0.261081 -1.370731 -0.261520 -1.370594 -0.261536 -1.273122 -0.269930 -1.362003 -0.263665 -1.384001 -0.262156
20.541082 -0.876074 -0.223667 -1.571961 -0.034193 -1.579155 -0.032685 -1.577080 -0.033050 -1.388496 -0.083395 -1.388010 -0.083905 -1.387875 -0.083939 -1.291703 -0.105566 -1.379581 -0.087184 -1.401271 -0.082808
20.641283 -0.898486 -0.113114 -1.565449 0.156984 -1.572447 0.160412 -1.570421 0.159442 -1.388244 0.086067 -1.387821 0.085499 -1.387691 0.085448 -1.294181 0.051499 -1.379814 0.081229 -1.400902 0.088228
20.741483 -0.909820 -0.008182 -1.540559 0.327671 -1.547173 0.332733 -1.545257 0.331246 -1.371821 0.237964 -1.371464 0.237350 -1.371340 0.237284 -1.281746 0.192608 -1.363981 0.232278 -1.384208 0.241524
20.841683 -0.910640 0.084900 -1.499830 0.469299 -1.505902 0.475590 -1.504145 0.473711 -1.341393 0.364504 -1.341105 0.363857 -1.340988 0.363779 -1.256378 0.310482 -1.334221 0.358196 -1.353374 0.369214
20.941884 -0.902133 0.160787 -1.446544 0.575829 -1.451961 0.582879 -1.450399 0.580757 -1.299804 0.460060 -1.299585 0.459392 -1.299476 0.459306 -1.220684 0.399792 -1.293346 0.453353 -1.311270 0.465624
21.042084 -0.886022 0.215476 -1.384453 0.644037 -1.389146 0.651376 -1.387802 0.649162 -1.250337 0.521456 -1.250187 0.520775 -1.250086 0.520684 -1.177687 0.457423 -1.244613 0.514548 -1.261212 0.527553
21.142285 -0.864431 0.246560 -1.317486 0.673429 -1.321437 0.680635 -1.320316 0.678462 -1.196472 0.547910 -1.196391 0.547222 -1.196299 0.547129 -1.130601 0.482449 -1.191480 0.540965 -1.206714 0.554223
21.242485 -0.839725 0.253250 -1.249498 0.665828 -1.252724 0.672562 -1.251822 0.670540 -1.141662 0.540704 -1.141650 0.540012 -1.141567 0.539920 -1.082637 0.475842 -1.137384 0.533845 -1.151262 0.546937
21.342685 -0.814350 0.236189 -1.184053 0.624772 -1.186609 0.630798 -1.185908 0.629002 -1.089146 0.502670 -1.089203 0.501974 -1.089130 0.501884 -1.036830 0.440018 -1.085554 0.495976 -1.098125 0.508567
21.442886 -0.790684 0.197133 -1.124296 0.554837 -1.126253 0.560020 -1.125732 0.558494 -1.041828 0.437607 -1.041957 0.436903 -1.041892 0.436817 -0.995926 0.378315 -1.038893 0.431119 -1.050234 0.442956
21.543086 -0.770931 0.138555 -1.072874 0.461014 -1.074320 0.465303 -1.073949 0.464063 -1.002207 0.349733 -1.002409 0.349013 -1.002353 0.348933 -0.962318 0.294500 -0.999899 0.343458 -1.010106 0.354369
21.643287 -0.757048 0.063277 -1.031929 0.348214 -1.032952 0.351622 -1.032703 0.350664 -0.972355 0.243253 -0.972635 0.242507 -0.972587 0.242432 -0.938022 0.192375 -0.970650 0.237172 -0.979831 0.247054
21.743487 -0.750707 -0.025826 -1.003123 0.220964 -1.003810 0.223536 -1.003656 0.222846 -0.953938 0.122090 -0.954301 0.121303 -0.954260 0.121233 -0.924689 0.075533 -0.952819 0.116159 -0.961083 0.124970
21.843687 -0.753295 -0.126001 -0.987688 0.083284 -0.988122 0.085075 -0.988036 0.084636 -0.948246 -0.010214 -0.948698 -0.011058 -0.948664 -0.011123 -0.923628 -0.052730 -0.947703 -0.016052 -0.955160 -0.008309
21.943888 -0.765920 -0.234659 -0.986481 -0.061241 -0.986739 -0.060192 -0.986696 -0.060391 -0.956232 -0.150422 -0.956781 -0.151341 -0.956753 -0.151402 -0.935832 -0.189342 -0.956264 -0.156235 -0.963017 -0.149520
22.044088 -0.789433 -0.349298 -1.000015 -0.209272 -1.000169 -0.208950 -1.000146 -0.208913 -0.978533 -0.295406 -0.979187 -0.296417 -0.979165 -0.296475 -0.961993 -0.331267 -0.979145 -0.301269 -0.985290 -0.295513
22.144289 -0.824433 -0.467330 -1.028475 -0.357425 -1.028598 -0.357850 -1.028571 -0.357567 -1.015464 -0.441865 -1.016234 -0.442985 -1.016217 -0.443040 -1.002487 -0.475235 -1.016669 -0.447851 -1.022294 -0.442966
22.244489 -0.871259 -0.585860 -1.071697 -0.501961 -1.071864 -0.503181 -1.071809 -0.502635 -1.066990 -0.586016 -1.067886 -0.587256 -1.067875 -0.587310 -1.057334 -0.617440 -1.068805 -0.592191 -1.073989 -0.588074
22.344689 -0.929963 -0.701455 -1.129117 -0.638506 -1.129407 -0.640590 -1.129297 -0.639755 -1.132660 -0.723321 -1.133694 -0.724687 -1.133687 -0.724740 -1.126133 -0.753285 -1.135105 -0.729735 -1.139918 -0.726272
22.444890 -1.000249 -0.809954 -1.199696 -0.761878 -1.200196 -0.764893 -1.200002 -0.763744 -1.211522 -0.848316 -1.212704 -0.849806 -1.212703 -0.849859 -1.207973 -0.877221 -1.214619 -0.855000 -1.219121 -0.852067
22.545090 -1.081407 -0.906373 -1.281830 -0.866061 -1.282635 -0.870049 -1.282325 -0.868570 -1.302030 -0.954605 -1.303371 -0.956207 -1.303375 -0.956260 -1.301330 -0.982749 -1.305801 -0.961562 -1.310040 -0.959030
22.645291 -1.172226 -0.984952 -1.373276 -0.944400 -1.374484 -0.949349 -1.374024 -0.947542 -1.401957 -1.035069 -1.403466 -1.036761 -1.403476 -1.036815 -1.403991 -1.062643 -1.406418 -1.042271 -1.410434 -1.040003
22.745491 -1.270918 -1.039371 -1.471099 -0.990021 -1.472806 -0.995834 -1.472164 -0.993730 -1.508346 -1.082319 -1.510028 -1.084068 -1.510043 -1.084122 -1.512998 -1.109414 -1.513508 -1.089704 -1.517327 -1.087561
22.845691 -1.375064 -1.063172 -1.571680 -0.996481 -1.573971 -1.002958 -1.573117 -1.000623 -1.617511 -1.089385 -1.619369 -1.091147 -1.619389 -1.091201 -1.624658 -1.116004 -1.623377 -1.096856 -1.627014 -1.094697
22.945892 -1.481594 -1.050360 -1.670794 -0.958579 -1.673733 -0.965407 -1.672646 -0.962946 -1.725125 -1.050582 -1.727158 -1.052303 -1.727184 -1.052357 -1.734635 -1.076661 -1.731689 -1.058006 -1.735145 -1.055697
23.046092 -1.586840 -0.996151 -1.763781 -0.873247 -1.767399 -0.880008 -1.766067 -0.877563 -1.826395 -0.962442 -1.828597 -0.964065 -1.828628 -0.964117 -1.838126 -0.987876 -1.833642 -0.969657 -1.836903 -0.967077
23.146293 -1.686655 -0.897776 -1.845803 -0.740343 -1.850087 -0.746547 -1.848514 -0.744285 -1.916328 -0.824571 -1.918688 -0.826033 -1.918725 -0.826083 -1.930138 -0.849229 -1.924232 -0.831389 -1.927267 -0.828440
23.246493 -1.776613 -0.755226 -1.912170 -0.563217 -1.917057 -0.568349 -1.915265 -0.566448 -1.990073 -0.640242 -1.992575 -0.641483 -1.992617 -0.641529 -2.005826 -0.663981 -1.998595 -0.646459 -2.001361 -0.643078
23.346693 -1.852286 -0.571780 -1.958713 -0.348879 -1.964089 -0.352463 -1.962115 -0.351089 -2.043299 -0.416590 -2.045921 -0.417555 -2.045968 -0.417597 -2.060879 -0.439259 -2.052388 -0.421997 -2.054830 -0.418164
23.446894 -1.909579 -0.354209 -1.982144 -0.107681 -1.987847 -0.109347 -1.985748 -0.108630 -2.072575 -0.164297 -2.075290 -0.164941 -2.075342 -0.164978 -2.091890 -0.185734 -2.082166 -0.168696 -2.084222 -0.164439
23.547094 -1.945071 -0.112527 -1.980365 0.147491 -1.986199 0.147949 -1.984041 0.147932 -2.075687 0.103242 -2.078463 0.102947 -2.078517 0.102915 -2.096668 0.083209 -2.085697 0.100018 -2.087305 0.104624
23.647295 -1.956346 0.140719 -1.952668 0.402427 -1.958419 0.405017 -1.956276 0.404258 -2.051844 0.371165 -2.054647 0.371229 -2.054704 0.371203 -2.074448 0.352722 -2.062177 0.369235 -2.063283 0.374078
23.747495 -1.942246 0.391565 -1.899801 0.643035 -1.905255 0.647563 -1.903202 0.646123 -2.001761 0.624648 -2.004553 0.625060 -2.004613 0.625041 -2.025954 0.607973 -2.012305 0.624062 -2.012867 0.629008
23.847695 -1.903011 0.626016 -1.823879 0.856780 -1.828847 0.862875 -1.826951 0.860875 -1.927569 0.850406 -1.930316 0.851134 -1.930376 0.851121 -1.953319 0.835642 -1.938203 0.851133 -1.938197 0.856047
23.947896 -1.840284 0.831482 -1.728164 1.033890 -1.732494 1.041055 -1.730808 1.038664 -1.832600 1.037963 -1.835268 1.038960 -1.835329 1.038953 -1.859865 1.025176 -1.843200 1.039889 -1.842622 1.044657
24.048096 -1.756969 0.998033 -1.616732 1.168150 -1.620324 1.175837 -1.618886 1.173241 -1.721056 1.180513 -1.723618 1.181718 -1.723680 1.181715 -1.749775 1.169643 -1.731501 1.183440 -1.730368 1.187990
24.148297 -1.656966 1.119288 -1.494093 1.257203 -1.496902 1.264875 -1.495729 1.262259 -1.597619 1.275251 -1.600056 1.276594 -1.600117 1.276594 -1.627718 1.266073 -1.607805 1.278919 -1.606147 1.283229
24.248497 -1.544813 1.192793 -1.364800 1.302336 -1.366834 1.309534 -1.365926 1.307060 -1.467059 1.323191 -1.469358 1.324603 -1.469418 1.324606 -1.498455 1.315292 -1.476902 1.327299 -1.474759 1.331402
24.348697 -1.425295 1.219877 -1.233107 1.307881 -1.234418 1.314263 -1.233758 1.312054 -1.333875 1.328563 -1.336032 1.329979 -1.336092 1.329982 -1.366497 1.321333 -1.343322 1.332796 -1.340732 1.336774
24.448898 -1.303062 1.205054 -1.102699 1.280355 -1.103371 1.285714 -1.102933 1.283847 -1.202019 1.297933 -1.204036 1.299294 -1.204095 1.299296 -1.235825 1.290590 -1.211048 1.301986 -1.208042 1.305958
24.549098 -1.182316 1.155124 -0.976524 1.227512 -0.976660 1.231772 -0.976408 1.230281 -1.074706 1.239221 -1.076592 1.240480 -1.076652 1.240478 -1.109710 1.230846 -1.083331 1.242820 -1.079926 1.246929
24.649299 -1.066572 1.078154 -0.856711 1.157453 -0.856422 1.160653 -0.856318 1.159532 -0.954333 1.160774 -0.956102 1.161891 -0.956162 1.161885 -0.990622 1.150360 -0.962597 1.163687 -0.958790 1.168089
24.749499 -0.958540 0.982504 -0.744583 1.077901 -0.743972 1.080162 -0.743980 1.079377 -0.842470 1.070595 -0.844140 1.071543 -0.844201 1.071530 -0.880222 1.057103 -0.850445 1.072639 -0.846213 1.077489
24.849699 -0.860093 0.876037 -0.640721 0.995676 -0.639879 0.997173 -0.639966 0.996671 -0.739929 0.975800 -0.741517 0.976558 -0.741580 0.976537 -0.779422 0.958202 -0.747707 0.976834 -0.743003 0.982285
24.949900 -0.772314 0.765586 -0.545076 0.916392 -0.544079 0.917328 -0.544216 0.917045 -0.646864 0.882291 -0.648392 0.882845 -0.648458 0.882816 -0.688482 0.859618 -0.654555 0.882215 -0.649314 0.888411
25.050100 -0.695602 0.656670 -0.457104 0.844328 -0.456006 0.844908 -0.456173 0.844778 -0.562908 0.794637 -0.564397 0.794980 -0.564466 0.794940 -0.607137 0.766014 -0.570631 0.793383 -0.564769 0.800456
25.150301 -0.629803 0.553450 -0.375900 0.782436 -0.374736 0.782855 -0.374917 0.782816 -0.487301 0.716096 -0.488772 0.716224 -0.488846 0.716173 -0.534721 0.680780 -0.495183 0.713622 -0.488601 0.721691
25.250501 -0.574347 0.458845 -0.300329 0.732422 -0.299114 0.732857 -0.299301 0.732850 -0.419017 0.648729 -0.420491 0.648644 -0.420570 0.648581 -0.470286 0.606151 -0.427188 0.645019 -0.419774 0.654183
25.350701 -0.528371 0.374745 -0.229143 0.694868 -0.227876 0.695473 -0.228064 0.695447 -0.356878 0.593557 -0.358374 0.593266 -0.358461 0.593192 -0.412712 0.543372 -0.365468 0.588623 -0.357101 0.598953
25.450902 -0.490821 0.302262 -0.161092 0.669352 -0.159755 0.670260 -0.159948 0.670170 -0.299648 0.550721 -0.301186 0.550236 -0.301281 0.550149 -0.360796 0.492865 -0.308782 0.544606 -0.299337 0.556130
25.551102 -0.460534 0.241966 -0.095014 0.654569 -0.093578 0.655883 -0.093781 0.655691 -0.246115 0.519619 -0.247714 0.518958 -0.247818 0.518860 -0.313323 0.454380 -0.255913 0.512407 -0.245265 0.525100
25.651303 -0.436289 0.194074 -0.029921 0.648431 -0.028346 0.650230 -0.028569 0.649906 -0.195161 0.499026 -0.196834 0.498214 -0.196949 0.498106 -0.269133 0.427113 -0.205728 0.490851 -0.193761 0.504615
25.751503 -0.416843 0.158568 0.034930 0.648193 0.036692 0.650522 0.036435 0.650045 -0.145816 0.487191 -0.147577 0.486261 -0.147703 0.486145 -0.227165 0.409796 -0.157243 0.478246 -0.143852 0.492897
25.851703 -0.400954 0.135262 0.099977 0.650598 0.101977 0.653461 0.101672 0.652821 -0.097307 0.481933 -0.099166 0.480926 -0.099304 0.480804 -0.186510 0.400771 -0.109662 0.472474 -0.094769 0.487736
25.951904 -0.387401 0.123793 0.165310 0.652074 0.167600 0.655428 0.167231 0.654629 -0.049099 0.480752 -0.051061 0.479717 -0.051211 0.479593 -0.146435 0.398063 -0.062421 0.471101 -0.045980 0.486599
26.052104 -0.374997 0.123578 0.230653 0.648993 0.233279 0.652742 0.232830 0.651803 -0.000917 0.480975 -0.002981 0.479968 -0.003144 0.479846 -0.106421 0.399469 -0.015210 0.471510 0.002785 0.486780
26.152305 -0.362614 0.133747 0.295369 0.637985 0.298367 0.641980 0.297824 0.640938 0.047246 0.479934 0.045084 0.479012 0.044910 0.478897 -0.066175 0.402680 0.032020 0.471074 0.051520 0.485583
26.252505 -0.349213 0.153075 0.358507 0.616289 0.361897 0.620328 0.361251 0.619236 0.095138 0.475181 0.092891 0.474405 0.092705 0.474302 -0.025634 0.405431 0.079058 0.467363 0.099962 0.480539
26.352705 -0.333875 0.179948 0.418877 0.582086 0.422659 0.585932 0.421906 0.584856 0.142281 0.464722 0.139966 0.464147 0.139771 0.464060 0.015050 0.405682 0.125472 0.458369 0.147620 0.469642
26.452906 -0.315844 0.212375 0.475164 0.534783 0.479313 0.538180 0.478456 0.537194 0.188031 0.447228 0.185671 0.446903 0.185469 0.446837 0.055541 0.401804 0.170659 0.442713 0.193836 0.451567
26.553106 -0.294564 0.248066 0.526059 0.475164 0.530525 0.477868 0.529574 0.477045 0.231651 0.422207 0.229274 0.422167 0.229066 0.422126 0.095366 0.392740 0.213918 0.419821 0.237858 0.425837
26.653307 -0.269707 0.284580 0.570404 0.405398 0.575113 0.407204 0.574085 0.406608 0.272401 0.390089 0.270036 0.390354 0.269826 0.390339 0.133988 0.378132 0.254533 0.390010 0.278935 0.392912
26.753507 -0.241193 0.319521 0.607323 0.328867 0.612182 0.329632 0.611101 0.329310 0.309629 0.352205 0.307308 0.352778 0.307097 0.352791 0.170869 0.358366 0.291865 0.354482 0.316408 0.354162
26.853707 -0.209176 0.350770 0.636333 0.249834 0.641238 0.249498 0.640132 0.249473 0.342857 0.310665 0.340610 0.311533 0.340402 0.311572 0.205548 0.334540 0.325436 0.315212 0.349794 0.311747
26.953908 -0.174029 0.376704 0.657414 0.173007 0.662254 0.171601 0.661153 0.171871 0.371849 0.268143 0.369705 0.269274 0.369502 0.269338 0.237709 0.308354 0.354995 0.274750 0.378859 0.268391
27.054108 -0.136283 0.396376 0.671026 0.103069 0.675698 0.100702 0.674630 0.101241 0.396655 0.227603 0.394637 0.228956 0.394442 0.229041 0.267225 0.281932 0.380564 0.235957 0.403658 0.227106
27.154309 -0.096566 0.409618 0.678087 0.044231 0.682499 0.041083 0.681490 0.041843 0.417624 0.192020 0.415752 0.193545 0.415566 0.193647 0.294196 0.257623 0.402456 0.201738 0.424549 0.190909
27.254509 -0.055522 0.417055 0.679903 -0.000091 0.683983 -0.003802 0.683054 -0.002881 0.435391 0.164127 0.433680 0.165771 0.433505 0.165885 0.318958 0.237788 0.421265 0.174793 0.442184 0.162563
27.354709 -0.013733 0.420018 0.678076 -0.027476 0.681773 -0.031517 0.680939 -0.030500 0.450848 0.146230 0.449306 0.147942 0.449142 0.148063 0.342073 0.224631 0.437837 0.157429 0.457470 0.144394
27.454910 0.028353 0.420392 0.674399 -0.036531 0.677686 -0.040680 0.676955 -0.039629 0.465090 0.140110 0.463720 0.141843 0.463569 0.141967 0.364308 0.220068 0.453227 0.151457 0.471521 0.138187
27.555110 0.070476 0.420405 0.670755 -0.026800 0.673626 -0.030863 0.673001 -0.029833 0.479362 0.146998 0.478165 0.148715 0.478026 0.148836 0.386605 0.225664 0.468642 0.158165 0.485602 0.145170
27.655311 0.112601 0.422416 0.669029 0.001422 0.671497 -0.002401 0.670973 -0.001435 0.495008 0.167631 0.493981 0.169303 0.493854 0.169418 0.410042 0.242613 0.485397 0.178354 0.501074 0.166066
27.755511 0.154927 0.428704 0.671043 0.047310 0.673135 0.043839 0.672707 0.044710 0.513424 0.202326 0.512563 0.203936 0.512447 0.204043 0.435796 0.271757 0.504865 0.212415 0.519352 0.201179
27.855711 0.197884 0.441302 0.678517 0.109714 0.680270 0.106676 0.679927 0.107428 0.536022 0.251079 0.535320 0.252618 0.535214 0.252715 0.465116 0.313615 0.528442 0.260412 0.541861 0.250481
27.955912 0.242102 0.461870 0.693044 0.187313 0.694501 0.184762 0.694232 0.185380 0.564197 0.313619 0.563648 0.315090 0.563552 0.315176 0.499285 0.368404 0.557518 0.322135 0.570010 0.313686
28.056112 0.288382 0.491601 0.716076 0.278679 0.717287 0.276659 0.717079 0.277130 0.599308 0.389424 0.598907 0.390836 0.598819 0.390910 0.539596 0.436019 0.593447 0.397115 0.605169 0.390253
28.156313 0.337640 0.531153 0.748921 0.382249 0.749937 0.380808 0.749774 0.381115 0.642645 0.477665 0.642389 0.479036 0.642307 0.479098 0.587311 0.515970 0.637521 0.484564 0.648636 0.479338
28.256513 0.390862 0.580587 0.792716 0.496199 0.793595 0.495397 0.793462 0.495520 0.695396 0.577087 0.695281 0.578435 0.695205 0.578486 0.643620 0.607258 0.690934 0.583255 0.701606 0.579667
28.356713 0.449037 0.639299 0.848401 0.618246 0.849207 0.618166 0.849085 0.618074 0.758594 0.685820 0.758620 0.687167 0.758548 0.687207 0.709579 0.708209 0.754726 0.691339 0.765116 0.689354
28.456914 0.513095 0.705936 0.916657 0.745401 0.917461 0.746149 0.917329 0.745804 0.833045 0.801163 0.833213 0.802531 0.833145 0.802562 0.786033 0.816265 0.829709 0.806127 0.839977 0.805675
28.557114 0.583830 0.778309 0.997824 0.873721 0.998709 0.875418 0.998541 0.874778 0.919232 0.919362 0.919546 0.920770 0.919480 0.920792 0.873518 0.927787 0.916378 0.923870 0.926671 0.924849
28.657315 0.661817 0.853306 1.091793 0.998115 1.092853 1.000884 1.092621 0.999903 1.017205 1.035437 1.017667 1.036898 1.017603 1.036912 0.972137 1.037902 1.014786 1.039588 1.025244 1.041859
28.757515 0.747319 0.926849 1.197883 1.112253 1.199227 1.116199 1.198894 1.114837 1.126446 1.143116 1.127062 1.144637 1.126999 1.144645 1.081443 1.140449 1.124426 1.147009 1.135174 1.150393
28.857715 0.840189 0.993914 1.314717 1.208666 1.316462 1.213842 1.315992 1.212077 1.245751 1.234944 1.246525 1.236525 1.246462 1.236528 1.200304 1.228103 1.244099 1.238673 1.255242 1.242943
28.957916 0.939780 1.048668 1.440118 1.279065 1.442388 1.285446 1.441739 1.283280 1.373119 1.302610 1.374056 1.304240 1.373993 1.304240 1.326807 1.292699 1.371812 1.306263 1.383434 1.311143
29.058116 1.044857 1.084745 1.571051 1.314920 1.573964 1.322368 1.573097 1.319841 1.505698 1.337527 1.506801 1.339185 1.506738 1.339184 1.458205 1.325810 1.504721 1.341183 1.516877 1.346347
29.158317 1.153549 1.095688 1.703631 1.308281 1.707292 1.316526 1.706171 1.313722 1.639795 1.331645 1.641064 1.333304 1.641001 1.333302 1.590923 1.319541 1.639140 1.335373 1.651850 1.340453
29.258517 1.263337 1.075547 1.833231 1.252775 1.837715 1.261408 1.836314 1.258459 1.770977 1.278441 1.772411 1.280064 1.772348 1.280064 1.720672 1.267497 1.770645 1.282296 1.783891 1.286893
29.358717 1.371107 1.019589 1.954691 1.144644 1.960030 1.153133 1.958337 1.150213 1.894276 1.173952 1.895870 1.175495 1.895808 1.175499 1.842644 1.165778 1.894279 1.177965 1.908001 1.181677
29.458918 1.473271 0.925047 2.062632 0.983663 2.068803 0.991397 2.066824 0.988707 2.004497 1.017683 2.006244 1.019101 2.006182 1.019110 1.951816 1.013863 2.004857 1.021861 2.018947 1.024305
29.559118 1.565961 0.791787 2.151849 0.773751 2.158767 0.780099 2.156526 0.777851 2.096593 0.813223 2.098481 0.814469 2.098422 0.814485 2.043321 0.815190 2.097340 0.817535 2.111651 0.818390
29.659319 1.645298 0.622775 2.217743 0.523101 2.225260 0.527492 2.222806 0.525880 2.166095 0.568387 2.168108 0.569419 2.168050 0.569442 2.112852 0.577296 2.167259 0.572769 2.181608 0.571801
29.759519 1.707700 0.424212 2.256749 0.243750 2.264660 0.245750 2.262060 0.244923 2.209510 0.294812 2.211628 0.295593 2.211573 0.295624 2.157060 0.311414 2.211124 0.299166 2.225300 0.296256
29.859719 1.750207 0.205269 2.266677 -0.049424 2.274738 -0.050045 2.272071 -0.050003 2.224669 0.006994 2.226866 0.007501 2.226815 0.007541 2.173868 0.031547 2.226753 0.011200 2.240537 0.006357
29.959920 1.770775 -0.022609 2.246939 -0.340129 2.254885 -0.343363 2.252240 -0.342449 2.210939 -0.279100 2.213188 -0.278874 2.213142 -0.278828 2.162686 -0.246870 2.213501 -0.275169 2.226677 -0.281811
30.060120 1.768509 -0.246754 2.198608 -0.612334 2.206180 -0.617929 2.203644 -0.616220 2.169296 -0.547654 2.171568 -0.547702 2.171526 -0.547649 2.124467 -0.508522 2.172325 -0.544111 2.184696 -0.552312
30.160321 1.743784 -0.454538 2.124311 -0.851881 2.131277 -0.859384 2.128927 -0.857026 2.102223 -0.784597 2.104490 -0.784895 2.104453 -0.784836 2.061612 -0.739744 2.105689 -0.781519 2.117094 -0.790967
30.260521 1.698240 -0.634669 2.027958 -1.047818 2.034136 -1.056635 2.032035 -1.053824 2.013472 -0.978913 2.015705 -0.979421 2.015674 -0.979359 1.977738 -0.929777 2.017326 -0.976328 2.027644 -0.986676
30.360721 1.634645 -0.778291 1.914373 -1.193238 1.919642 -1.202717 1.917831 -1.199668 1.907702 -1.123491 1.909882 -1.124158 1.909857 -1.124093 1.877339 -1.071587 1.911887 -1.121366 1.921044 -1.132273
30.460922 1.556660 -0.879732 1.788859 -1.285535 1.793161 -1.295047 1.791661 -1.291973 1.790081 -1.215407 1.792190 -1.216175 1.792171 -1.216110 1.765401 -1.162149 1.794534 -1.213653 1.802498 -1.224819
30.561122 1.468511 -0.936795 1.656762 -1.326116 1.660104 -1.335127 1.658915 -1.332209 1.665861 -1.255678 1.667891 -1.256489 1.667878 -1.256423 1.647008 -1.202227 1.670528 -1.254157 1.677304 -1.265344
30.661323 1.374644 -0.950585 1.523105 -1.319682 1.525543 -1.327790 1.524646 -1.325166 1.540027 -1.248581 1.541976 -1.249377 1.541969 -1.249312 1.527003 -1.195740 1.544865 -1.247124 1.550483 -1.258167
30.761523 1.279395 -0.924942 1.392296 -1.273240 1.393923 -1.280202 1.393289 -1.277958 1.417008 -1.200712 1.418880 -1.201443 1.418880 -1.201377 1.409718 -1.148877 1.421996 -1.199136 1.426501 -1.209944
30.861723 1.186715 -0.865638 1.267950 -1.195064 1.268884 -1.200781 1.268473 -1.198956 1.300500 -1.119971 1.302305 -1.120590 1.302312 -1.120524 1.298797 -1.069127 1.305641 -1.118091 1.309080 -1.128638
30.961924 1.099978 -0.779485 1.152816 -1.093731 1.153180 -1.098229 1.152951 -1.096820 1.193381 -1.014620 1.195136 -1.015088 1.195149 -1.015021 1.197119 -0.964388 1.198701 -1.012263 1.201120 -1.022579
31.062124 1.021873 -0.673517 1.048788 -0.977370 1.048703 -0.980763 1.048614 -0.979737 1.097718 -0.892539 1.099439 -0.892824 1.099460 -0.892755 1.106792 -0.842248 1.103267 -0.889548 1.104697 -0.899705
31.162325 0.954386 -0.554343 0.956983 -0.853153 0.956557 -0.855609 0.956570 -0.854914 1.014827 -0.760732 1.016537 -0.760808 1.016564 -0.760735 1.029209 -0.709498 1.020675 -0.756968 1.021134 -0.767070
31.262525 0.898841 -0.427753 0.877856 -0.727047 0.877182 -0.728751 0.877264 -0.728330 0.945378 -0.625082 0.947100 -0.624924 0.947136 -0.624847 0.965143 -0.571898 0.951613 -0.620421 0.951101 -0.630595
31.362725 0.855980 -0.298545 0.811328 -0.603774 0.810478 -0.604905 0.810603 -0.604702 0.889512 -0.490325 0.891271 -0.489917 0.891314 -0.489833 0.914845 -0.434149 0.896235 -0.484662 0.894735 -0.495046
31.462926 0.826066 -0.170570 0.756907 -0.486932 0.755937 -0.487647 0.756084 -0.487612 0.846944 -0.360197 0.848766 -0.359524 0.848818 -0.359432 0.878147 -0.300033 0.854268 -0.353444 0.851746 -0.364178
31.563126 0.808974 -0.046923 0.713792 -0.379206 0.712743 -0.379630 0.712895 -0.379724 0.817057 -0.237668 0.818968 -0.236722 0.819030 -0.236621 0.854535 -0.172653 0.825101 -0.229759 0.821508 -0.240979
31.663327 0.804273 0.069784 0.680955 -0.282617 0.679856 -0.282842 0.679999 -0.283035 0.798963 -0.125223 0.800989 -0.124005 0.801062 -0.123894 0.843207 -0.054712 0.807850 -0.116124 0.803124 -0.127943
31.763527 0.811265 0.177135 0.657190 -0.198749 0.656061 -0.198837 0.656186 -0.199109 0.791538 -0.025119 0.793705 -0.023636 0.793789 -0.023516 0.843094 0.051229 0.801390 -0.014837 0.795461 -0.027334
31.863727 0.829014 0.272657 0.641152 -0.128927 0.640008 -0.128919 0.640106 -0.129255 0.793434 0.060428 0.795766 0.062156 0.795863 0.062286 0.852868 0.142560 0.804368 0.071833 0.797162 0.058626
31.963928 0.856334 0.353653 0.631372 -0.074314 0.630223 -0.074238 0.630288 -0.074626 0.803079 0.129152 0.805598 0.131091 0.805708 0.131230 0.870928 0.216543 0.815201 0.141551 0.806647 0.127668
32.064128 0.891770 0.417151 0.626271 -0.035922 0.625125 -0.035803 0.625152 -0.036229 0.818674 0.178767 0.821397 0.180868 0.821521 0.181014 0.895392 0.270359 0.832071 0.191955 0.822105 0.177504
32.164329 0.933569 0.459983 0.624179 -0.014534 0.623042 -0.014403 0.623026 -0.014849 0.838192 0.207120 0.841132 0.209320 0.841271 0.209471 0.924096 0.301294 0.852926 0.220808 0.841502 0.205983
32.264529 0.979660 0.479019 0.623360 -0.010557 0.622235 -0.010455 0.622175 -0.010897 0.859411 0.212458 0.862573 0.214680 0.862727 0.214831 0.954625 0.307052 0.875510 0.226275 0.862606 0.211353
32.364729 1.027657 0.471509 0.622063 -0.023841 0.620949 -0.023820 0.620844 -0.024228 0.879964 0.193755 0.883346 0.195909 0.883516 0.196057 0.984370 0.286137 0.897419 0.207258 0.883045 0.192595
32.464930 1.074903 0.435528 0.618583 -0.053494 0.617473 -0.053616 0.617327 -0.053956 0.897435 0.151058 0.901026 0.153047 0.901210 0.153187 1.010634 0.238262 0.916189 0.163752 0.900393 0.149764
32.565130 1.118543 0.370433 0.611346 -0.097759 0.610227 -0.098085 0.610048 -0.098320 0.909477 0.085769 0.913257 0.087495 0.913454 0.087621 1.030772 0.164684 0.929427 0.097132 0.912299 0.084273
32.665331 1.155661 0.277282 0.599000 -0.153973 0.597853 -0.154554 0.597651 -0.154653 0.913959 0.000797 0.917897 0.002165 0.918107 0.002272 1.042355 0.068402 0.934951 0.010320 0.916625 -0.000952
32.765531 1.183444 0.159099 0.580503 -0.218670 0.579304 -0.219533 0.579092 -0.219473 0.909117 -0.099481 0.913175 -0.098551 0.913394 -0.098466 1.043349 -0.045865 0.930953 -0.092253 0.911603 -0.101516
32.865731 1.199386 0.020924 0.555196 -0.287798 0.553918 -0.288939 0.553713 -0.288710 0.893688 -0.209469 0.897820 -0.209037 0.898046 -0.208980 1.032269 -0.171944 0.916131 -0.204900 0.895968 -0.211804
32.965932 1.201483 -0.130406 0.522849 -0.357073 0.521464 -0.358447 0.521284 -0.358057 0.867015 -0.322814 0.871170 -0.322916 0.871401 -0.322887 1.008304 -0.302704 0.889797 -0.321138 0.869061 -0.325442
33.066132 1.188416 -0.286766 0.483661 -0.422388 0.482148 -0.423913 0.482008 -0.423386 0.829090 -0.433003 0.833213 -0.433643 0.833445 -0.433644 0.971374 -0.430725 0.851925 -0.434300 0.830873 -0.435898
33.166333 1.159682 -0.439472 0.438224 -0.480231 0.436568 -0.481795 0.436482 -0.481170 0.780537 -0.534024 0.784576 -0.535177 0.784806 -0.535207 0.922122 -0.549044 0.803139 -0.538210 0.782031 -0.537141
33.266533 1.115647 -0.580149 0.387442 -0.528044 0.385638 -0.529519 0.385616 -0.528847 0.722533 -0.620973 0.726438 -0.622586 0.726664 -0.622642 0.861828 -0.651848 0.744626 -0.627803 0.723714 -0.624259
33.366733 1.057515 -0.701600 0.332418 -0.564464 0.330477 -0.565723 0.330522 -0.565057 0.656670 -0.690520 0.660396 -0.692519 0.660615 -0.692596 0.792264 -0.735026 0.678004 -0.699612 0.657518 -0.693917
33.466934 0.987215 -0.798530 0.274332 -0.589407 0.272274 -0.590341 0.272385 -0.589732 0.584781 -0.741164 0.588294 -0.743457 0.588504 -0.743553 0.715507 -0.796478 0.605147 -0.752031 0.585285 -0.744618
33.567134 0.907202 -0.868015 0.214306 -0.604001 0.212161 -0.604535 0.212333 -0.604023 0.508759 -0.773249 0.512032 -0.775740 0.512232 -0.775848 0.633734 -0.836175 0.527997 -0.785344 0.508910 -0.776717
33.667335 0.820226 -0.909650 0.153292 -0.610392 0.151099 -0.610490 0.151322 -0.610104 0.430375 -0.788771 0.433393 -0.791364 0.433581 -0.791478 0.549025 -0.855968 0.448378 -0.801530 0.430172 -0.792228
33.767535 0.729079 -0.925369 0.091983 -0.611459 0.089783 -0.611128 0.090044 -0.610881 0.351133 -0.791014 0.353890 -0.793622 0.354067 -0.793737 0.463195 -0.859210 0.367849 -0.803900 0.350576 -0.794457
33.867735 0.636357 -0.919002 0.030755 -0.610494 0.028587 -0.609780 0.028873 -0.609672 0.272162 -0.784110 0.274659 -0.786658 0.274824 -0.786769 0.377669 -0.850274 0.287592 -0.796644 0.271251 -0.787557
33.967936 0.544272 -0.895659 -0.030360 -0.610896 -0.032461 -0.609879 -0.032164 -0.609894 0.194152 -0.772571 0.196400 -0.775000 0.196554 -0.775103 0.293411 -0.834037 0.208345 -0.784356 0.192887 -0.776063
34.068136 0.454527 -0.861062 -0.091669 -0.615904 -0.093675 -0.614685 -0.093378 -0.614799 0.117342 -0.760875 0.119354 -0.763144 0.119499 -0.763235 0.210895 -0.815411 0.130383 -0.771602 0.115719 -0.764470
34.168337 0.368248 -0.820926 -0.153788 -0.628381 -0.155681 -0.627077 -0.155394 -0.627258 0.041538 -0.753118 0.043333 -0.755201 0.043470 -0.755279 0.130123 -0.798949 0.053542 -0.762569 0.039545 -0.756890
34.268537 0.285991 -0.780453 -0.217599 -0.650652 -0.219371 -0.649390 -0.219101 -0.649600 -0.033833 -0.752766 -0.032237 -0.754652 -0.032107 -0.754714 0.050676 -0.788554 -0.022732 -0.760805 -0.036217 -0.756800
34.368737 0.207789 -0.743984 -0.284185 -0.684380 -0.285842 -0.683295 -0.285591 -0.683493 -0.109654 -0.762472 -0.108237 -0.764162 -0.108112 -0.764207 -0.028210 -0.787276 -0.099309 -0.769030 -0.112459 -0.766860
34.468938 0.133242 -0.714807 -0.354759 -0.730456 -0.356319 -0.729686 -0.356086 -0.729827 -0.187027 -0.783955 -0.185770 -0.785460 -0.185649 -0.785486 -0.107555 -0.797182 -0.177287 -0.789020 -0.190292 -0.788789
34.569138 0.061618 -0.695073 -0.430583 -0.788879 -0.432078 -0.788572 -0.431858 -0.788606 -0.267175 -0.817905 -0.266062 -0.819240 -0.265942 -0.819249 -0.188531 -0.819266 -0.257889 -0.821506 -0.270950 -0.823273
34.669339 -0.008029 -0.685814 -0.512871 -0.858638 -0.514346 -0.858949 -0.514127 -0.858823 -0.351336 -0.863895 -0.350351 -0.865082 -0.350231 -0.865073 -0.272352 -0.853377 -0.342358 -0.866094 -0.355679 -0.869874
34.769539 -0.076748 -0.686993 -0.602679 -0.937572 -0.604196 -0.938659 -0.603963 -0.938319 -0.440645 -0.920296 -0.439775 -0.921357 -0.439654 -0.921332 -0.360156 -0.898156 -0.431834 -0.921182 -0.445621 -0.926947
34.869739 -0.145585 -0.697574 -0.700787 -1.022251 -0.702424 -1.024270 -0.702155 -1.023659 -0.536011 -0.984204 -0.535245 -0.985165 -0.535120 -0.985123 -0.452881 -0.950995 -0.527238 -0.983895 -0.541689 -0.991561
34.969940 -0.215482 -0.715602 -0.807565 -1.107899 -0.809413 -1.110990 -0.809082 -1.110057 -0.637986 -1.051408 -0.637315 -1.052292 -0.637186 -1.052237 -0.551142 -1.008014 -0.629133 -1.050048 -0.644436 -1.059470
35.070140 -0.287185 -0.738276 -0.922834 -1.188420 -0.925002 -1.192688 -0.924576 -1.191392 -0.746637 -1.116433 -0.746055 -1.117264 -0.745918 -1.117196 -0.655099 -1.064132 -0.737599 -1.114199 -0.753926 -1.125153
35.170341 -0.361161 -0.762058 -1.045743 -1.256577 -1.048348 -1.262064 -1.047789 -1.260381 -0.861425 -1.172716 -0.860926 -1.173513 -0.860782 -1.173435 -0.764349 -1.113230 -0.852116 -1.169818 -0.869612 -1.181993
35.270541 -0.437519 -0.782818 -1.174664 -1.304357 -1.177826 -1.311018 -1.177098 -1.308953 -0.981112 -1.212946 -0.980692 -1.213726 -0.980540 -1.213642 -0.877838 -1.148486 -0.971468 -1.209633 -0.990244 -1.222620
35.370741 -0.515958 -0.796055 -1.307142 -1.323574 -1.310976 -1.331247 -1.310039 -1.328843 -1.103712 -1.229602 -1.103370 -1.230378 -1.103209 -1.230291 -0.993812 -1.162868 -1.093694 -1.226157 -1.113816 -1.239452
35.470942 -0.595723 -0.797200 -1.439909 -1.306661 -1.444513 -1.315053 -1.443336 -1.312395 -1.226502 -1.215661 -1.226238 -1.216445 -1.226069 -1.216360 -1.109832 -1.149800 -1.216103 -1.212396 -1.237582 -1.225411
35.571142 -0.675603 -0.782004 -1.568997 -1.247604 -1.574436 -1.256292 -1.572994 -1.253509 -1.346116 -1.165441 -1.345931 -1.166238 -1.345754 -1.166159 -1.222860 -1.103927 -1.335365 -1.162681 -1.358148 -1.174767
35.671343 -0.753960 -0.747001 -1.689935 -1.142892 -1.696230 -1.151342 -1.694513 -1.148601 -1.458722 -1.075447 -1.458620 -1.076259 -1.458436 -1.076192 -1.329422 -1.021905 -1.447684 -1.073510 -1.471651 -1.083999
35.771543 -0.828810 -0.689972 -1.798049 -0.992331 -1.805167 -0.999941 -1.803182 -0.997434 -1.560279 -0.945114 -1.560262 -0.945938 -1.560072 -0.945887 -1.425848 -0.903069 -1.549055 -0.944285 -1.574015 -0.952536
35.871743 -0.897945 -0.610374 -1.888830 -0.799548 -1.896676 -0.805711 -1.894449 -0.803634 -1.646856 -0.777271 -1.646928 -0.778100 -1.646735 -0.778070 -1.508564 -0.749874 -1.635581 -0.777774 -1.661277 -0.783233
35.971944 -0.959105 -0.509631 -1.958328 -0.572052 -1.966748 -0.576232 -1.964325 -0.574761 -1.714983 -0.578226 -1.715146 -0.579050 -1.714951 -0.579043 -1.574412 -0.567964 -1.703816 -0.580204 -1.729936 -0.582451
36.072144 -1.010170 -0.391224 -2.003535 -0.320780 -2.012322 -0.322581 -2.009766 -0.321850 -1.761982 -0.357391 -1.762238 -0.358196 -1.762044 -0.358215 -1.620955 -0.365841 -1.751098 -0.360887 -1.777290 -0.359684
36.172345 -1.049371 -0.260532 -2.022691 -0.059144 -2.031601 -0.058371 -2.028989 -0.058449 -1.786242 -0.126471 -1.786590 -0.127242 -1.786399 -0.127288 -1.646722 -0.154131 -1.775816 -0.131426 -1.801709 -0.126740
36.272545 -1.075477 -0.124411 -2.015472 0.198290 -2.024247 0.201605 -2.021659 0.200721 -1.787395 0.101688 -1.787830 0.100962 -1.787644 0.100892 -1.651366 0.055454 -1.777588 0.095423 -1.802818 0.103419
36.372745 -1.087943 0.009448 -1.983036 0.437297 -1.991423 0.442896 -1.988941 0.441283 -1.766359 0.314403 -1.766875 0.313731 -1.766697 0.313638 -1.635714 0.251295 -1.757310 0.307046 -1.781540 0.317996
36.472946 -1.086996 0.133288 -1.927909 0.645412 -1.935688 0.652852 -1.933381 0.650649 -1.725264 0.500419 -1.725853 0.499803 -1.725685 0.499692 -1.601691 0.423016 -1.717079 0.492227 -1.740021 0.505632
36.573146 -1.073640 0.240071 -1.853750 0.813064 -1.860745 0.821778 -1.858670 0.819164 -1.667250 0.650925 -1.667905 0.650361 -1.667749 0.650235 -1.552144 0.562407 -1.660000 0.642163 -1.681427 0.657436
36.673347 -1.049585 0.324149 -1.765008 0.934253 -1.771102 0.943629 -1.769298 0.940799 -1.596190 0.760189 -1.596903 0.759667 -1.596760 0.759530 -1.490598 0.664013 -1.589910 0.751100 -1.609665 0.767628
36.773547 -1.017105 0.381718 -1.666545 1.006720 -1.671683 1.016172 -1.670167 1.013316 -1.516367 0.825746 -1.517132 0.825250 -1.517002 0.825108 -1.420964 0.725320 -1.511064 0.816530 -1.529058 0.833725
36.873747 -0.978857 0.411003 -1.563267 1.031636 -1.567451 1.040666 -1.566223 1.037945 -1.432153 0.848164 -1.432967 0.847675 -1.432852 0.847531 -1.347260 0.746570 -1.427813 0.838970 -1.444020 0.856310
36.973948 -0.937674 0.412159 -1.459805 1.012939 -1.463083 1.021175 -1.462128 1.018710 -1.347736 0.830495 -1.348599 0.829991 -1.348498 0.829848 -1.273359 0.730279 -1.344330 0.821412 -1.358777 0.838470
37.074148 -0.896376 0.386956 -1.360274 0.956467 -1.362731 0.963674 -1.362022 0.961544 -1.266901 0.777527 -1.267817 0.776983 -1.267730 0.776844 -1.202796 0.680581 -1.264399 0.768591 -1.277150 0.785046
37.174349 -0.857603 0.338315 -1.268133 0.869061 -1.269875 0.875135 -1.269378 0.873374 -1.192904 0.695008 -1.193879 0.694398 -1.193806 0.694264 -1.138649 0.602534 -1.191277 0.686206 -1.202422 0.701843
37.274549 -0.823703 0.269812 -1.186128 0.757769 -1.187268 0.762714 -1.186945 0.761323 -1.128402 0.588943 -1.129446 0.588240 -1.129386 0.588112 -1.083475 0.501490 -1.127630 0.580225 -1.137272 0.594925
37.374749 -0.796668 0.185222 -1.116302 0.629252 -1.116953 0.633141 -1.116767 0.632098 -1.075463 0.465074 -1.076590 0.464250 -1.076542 0.464127 -1.039309 0.382623 -1.075540 0.456355 -1.083783 0.470083
37.474950 -0.778109 0.088185 -1.060062 0.489416 -1.060328 0.492364 -1.060246 0.491634 -1.035609 0.328556 -1.036832 0.327581 -1.036797 0.327463 -1.007697 0.250636 -1.036539 0.319730 -1.043485 0.332519
37.575150 -0.769272 -0.017978 -1.018269 0.343289 -1.018240 0.345418 -1.018231 0.344964 -1.009877 0.183859 -1.011215 0.182705 -1.011191 0.182591 -0.989744 0.109675 -1.011682 0.174805 -1.017421 0.186738
37.675351 -0.771074 -0.130300 -0.991320 0.195090 -0.991078 0.196506 -0.991114 0.196296 -0.998889 0.034856 -1.000362 0.033494 -1.000350 0.033382 -0.986170 -0.036588 -1.001603 0.025442 -1.006212 0.036640
37.775551 -0.784130 -0.246071 -0.979229 0.048436 -0.978843 0.049217 -0.978900 0.049230 -1.002900 -0.114960 -1.004531 -0.116556 -1.004530 -0.116667 -0.997344 -0.184742 -1.006572 -0.124864 -1.010112 -0.114256
37.875752 -0.808786 -0.362643 -0.981669 -0.093356 -0.981202 -0.093170 -0.981259 -0.092945 -1.021822 -0.262172 -1.023634 -0.264020 -1.023644 -0.264132 -1.023288 -0.331344 -1.026511 -0.272681 -1.029030 -0.262510
37.975952 -0.845123 -0.477198 -0.997989 -0.226967 -0.997500 -0.227368 -0.997535 -0.226931 -1.055214 -0.403120 -1.057233 -0.405231 -1.057254 -0.405346 -1.063667 -0.472611 -1.060989 -0.414327 -1.062516 -0.404440
38.076152 -0.892939 -0.586507 -1.027198 -0.348807 -1.026747 -0.349812 -1.026737 -0.349155 -1.102246 -0.533635 -1.104496 -0.536009 -1.104528 -0.536128 -1.117731 -0.604165 -1.109178 -0.545592 -1.109734 -0.535852
38.176353 -0.951707 -0.686758 -1.067927 -0.454854 -1.067573 -0.456486 -1.067498 -0.455599 -1.161635 -0.648882 -1.164140 -0.651502 -1.164185 -0.651625 -1.184253 -0.720883 -1.169798 -0.661589 -1.169389 -0.651882
38.276553 -1.020520 -0.773465 -1.118378 -0.540635 -1.118186 -0.542902 -1.118022 -0.541784 -1.231581 -0.743364 -1.234363 -0.746198 -1.234420 -0.746324 -1.261450 -0.816927 -1.241041 -0.756758 -1.239670 -0.747001
38.376754 -1.098022 -0.841531 -1.176287 -0.601393 -1.176322 -0.604268 -1.176045 -0.602929 -1.309709 -0.811140 -1.312785 -0.814134 -1.312855 -0.814264 -1.346927 -0.885970 -1.320520 -0.825082 -1.318183 -0.815236
38.476954 -1.182344 -0.885472 -1.238905 -0.632436 -1.239228 -0.635833 -1.238816 -0.634306 -1.393041 -0.846251 -1.396422 -0.849333 -1.396505 -0.849465 -1.437645 -0.921656 -1.405240 -0.860524 -1.401933 -0.850594
38.577154 -1.271068 -0.899826 -1.303029 -0.629653 -1.303692 -0.633416 -1.303127 -0.631760 -1.478026 -0.843347 -1.481718 -0.846427 -1.481814 -0.846559 -1.529956 -0.918263 -1.491624 -0.857657 -1.487350 -0.847697
38.677355 -1.361231 -0.879713 -1.365087 -0.590140 -1.366127 -0.594038 -1.365397 -0.592340 -1.560642 -0.798447 -1.564638 -0.801418 -1.564747 -0.801546 -1.619710 -0.871490 -1.575618 -0.812429 -1.570386 -0.802541
38.777555 -1.449379 -0.821516 -1.421296 -0.512842 -1.422724 -0.516580 -1.421825 -0.514948 -1.636566 -0.709712 -1.640850 -0.712458 -1.640972 -0.712581 -1.702436 -0.779273 -1.652866 -0.722948 -1.646694 -0.713278
38.877756 -1.531695 -0.723581 -1.467871 -0.399081 -1.469669 -0.402326 -1.468610 -0.400885 -1.701428 -0.578113 -1.705974 -0.580518 -1.706109 -0.580630 -1.773609 -0.642478 -1.718961 -0.590158 -1.711880 -0.580886
38.977956 -1.604198 -0.586829 -1.501293 -0.252870 -1.503409 -0.255287 -1.502209 -0.254161 -1.751114 -0.407832 -1.755886 -0.409784 -1.756031 -0.409883 -1.828968 -0.465321 -1.769751 -0.418241 -1.761806 -0.409572
39.078156 -1.662999 -0.415150 -1.518582 -0.080885 -1.520928 -0.082187 -1.519622 -0.081486 -1.782094 -0.206278 -1.787043 -0.207682 -1.787198 -0.207764 -1.864850 -0.255385 -1.801668 -0.214643 -1.792920 -0.206789
39.178357 -1.704597 -0.215473 -1.517551 0.107927 -1.520014 0.107938 -1.518646 0.108137 -1.791726 0.016334 -1.796796 0.015550 -1.796958 0.015486 -1.878516 -0.023193 -1.812038 0.010350 -1.802562 0.017187
39.278557 -1.726187 0.002571 -1.497012 0.303104 -1.499457 0.304502 -1.498078 0.304166 -1.778499 0.247838 -1.783627 0.247712 -1.783795 0.247668 -1.868391 0.218675 -1.799322 0.244464 -1.789209 0.250113
39.378758 -1.725930 0.227389 -1.456872 0.493684 -1.459162 0.496399 -1.457825 0.495547 -1.742171 0.475285 -1.747291 0.475819 -1.747461 0.475796 -1.834212 0.456780 -1.763259 0.474617 -1.752611 0.478958
39.478958 -1.703145 0.446495 -1.398139 0.669320 -1.400142 0.673150 -1.398899 0.671848 -1.683781 0.686257 -1.688827 0.687416 -1.688998 0.687414 -1.777039 0.678178 -1.704881 0.688240 -1.693813 0.691222
39.579158 -1.658406 0.647768 -1.322795 0.821332 -1.324402 0.825965 -1.323297 0.824324 -1.605534 0.870117 -1.610444 0.871832 -1.610615 0.871848 -1.699136 0.871708 -1.626397 0.874546 -1.615029 0.876200
39.679359 -1.593500 0.820696 -1.233587 0.943512 -1.234721 0.948575 -1.233787 0.946728 -1.510566 1.019001 -1.515288 1.021175 -1.515455 1.021207 -1.603737 1.029021 -1.530962 1.025531 -1.519414 1.025976
39.779559 -1.511266 0.957410 -1.133744 1.032584 -1.134366 1.037692 -1.133621 1.035780 -1.402638 1.128404 -1.407128 1.130922 -1.407291 1.130966 -1.494727 1.145198 -1.422368 1.136580 -1.410752 1.136019
39.879760 -1.415333 1.053347 -1.026673 1.088262 -1.026781 1.093067 -1.026230 1.091221 -1.285785 1.197315 -1.290011 1.200052 -1.290170 1.200105 -1.376293 1.218906 -1.304691 1.206609 -1.293105 1.205316
39.979960 -1.309787 1.107450 -0.915663 1.112949 -0.915289 1.117180 -0.914924 1.115507 -1.163977 1.227915 -1.167924 1.230750 -1.168076 1.230807 -1.252582 1.252114 -1.181954 1.237770 -1.170472 1.236068
40.080160 -1.198820 1.121909 -0.803638 1.111172 -0.802841 1.114654 -0.802644 1.113228 -1.040833 1.224952 -1.044495 1.227773 -1.044642 1.227829 -1.127398 1.249466 -1.057830 1.234823 -1.046495 1.233062
40.180361 -1.086404 1.101540 -0.692982 1.088858 -0.691836 1.091519 -0.691781 1.090378 -0.919401 1.194922 -0.922785 1.197632 -0.922927 1.197684 -1.003987 1.217467 -0.935422 1.204311 -0.924244 1.202846
40.280561 -0.976029 1.052934 -0.585432 1.052598 -0.584016 1.054461 -0.584075 1.053611 -0.802026 1.145213 -0.805149 1.147734 -0.805285 1.147777 -0.884892 1.163594 -0.817126 1.153691 -0.806076 1.152858
40.380762 -0.870525 0.983537 -0.482046 1.008984 -0.480439 1.010145 -0.480584 1.009564 -0.690302 1.083318 -0.693187 1.085591 -0.693319 1.085623 -0.771902 1.095506 -0.704580 1.090539 -0.693596 1.090645
40.480962 -0.771974 0.900821 -0.383241 0.964077 -0.381509 0.964688 -0.381713 0.964335 -0.585095 1.016216 -0.587769 1.018200 -0.587900 1.018218 -0.666068 1.020389 -0.598686 1.021914 -0.587669 1.023228
40.581162 -0.681712 0.811634 -0.288858 0.923046 -0.287055 0.923291 -0.287295 0.923110 -0.486616 0.949935 -0.489110 0.951605 -0.489240 0.951607 -0.567770 0.944503 -0.499682 0.953921 -0.488503 0.956674
40.681363 -0.600386 0.721770 -0.198276 0.889943 -0.196437 0.890019 -0.196697 0.889950 -0.394529 0.889305 -0.396877 0.890649 -0.397007 0.890632 -0.476828 0.872923 -0.407251 0.891453 -0.395758 0.895838
40.781563 -0.528064 0.635772 -0.110526 0.867597 -0.108666 0.867703 -0.108935 0.867681 -0.308082 0.837855 -0.310315 0.838871 -0.310448 0.838835 -0.392618 0.809436 -0.320653 0.838092 -0.308670 0.844266
40.881764 -0.464359 0.556921 -0.024420 0.857578 -0.022535 0.857906 -0.022808 0.857869 -0.226233 0.797816 -0.228384 0.798511 -0.228521 0.798455 -0.314207 0.756548 -0.238852 0.796115 -0.226187 0.804198
40.981964 -0.408556 0.487347 0.061327 0.860200 0.063259 0.860932 0.062980 0.860820 -0.147778 0.770181 -0.149877 0.770569 -0.150022 0.770492 -0.240470 0.715565 -0.160644 0.766555 -0.147097 0.776628
41.082164 -0.359723 0.428213 0.147964 0.874541 0.149983 0.875843 0.149691 0.875599 -0.071474 0.754786 -0.073550 0.754888 -0.073704 0.754790 -0.170207 0.686694 -0.084783 0.749293 -0.070146 0.761383
41.182365 -0.316816 0.379917 0.236588 0.898468 0.238752 0.900486 0.238433 0.900058 0.003853 0.750398 0.001773 0.750241 0.001609 0.750123 -0.102245 0.669159 -0.010087 0.743144 0.005847 0.757214
41.282565 -0.278748 0.342278 0.328024 0.928689 0.330402 0.931541 0.330038 0.930883 0.079202 0.754802 0.077095 0.754420 0.076917 0.754283 -0.035536 0.661300 0.064458 0.745956 0.081888 0.761880
41.382766 -0.244452 0.314683 0.422705 0.960849 0.425381 0.964611 0.424950 0.963690 0.155308 0.764912 0.153152 0.764346 0.152960 0.764193 0.030767 0.660688 0.139606 0.754712 0.158713 0.772263
41.482966 -0.212920 0.296195 0.520585 0.989712 0.523647 0.994405 0.523122 0.993204 0.232555 0.776917 0.230336 0.776215 0.230128 0.776050 0.097231 0.664257 0.215770 0.765684 0.236705 0.784511
41.583166 -0.183242 0.285628 0.621049 1.009464 0.624589 1.015034 0.623943 1.013556 0.310921 0.786496 0.308628 0.785715 0.308403 0.785541 0.164094 0.668478 0.292964 0.774637 0.315838 0.794261
41.683367 -0.154622 0.281587 0.722883 1.014141 0.726986 1.020444 0.726191 1.018722 0.389937 0.789119 0.387563 0.788320 0.387321 0.788144 0.231227 0.669592 0.370762 0.777123 0.395630 0.796936
41.783567 -0.126406 0.282516 0.824283 0.998186 0.829016 1.004982 0.828048 1.003077 0.468683 0.780427 0.466231 0.779677 0.465971 0.779507 0.298125 0.663910 0.448299 0.768851 0.475151 0.788135
41.883768 -0.098098 0.286742 0.922921 0.957088 0.928327 0.964042 0.927170 0.962047 0.545830 0.756682 0.543309 0.756051 0.543033 0.755893 0.363935 0.648157 0.524307 0.746127 0.553054 0.764085
41.983968 -0.069367 0.292541 1.016088 0.888024 1.022175 0.894724 1.020822 0.892758 0.619728 0.715229 0.617152 0.714781 0.616862 0.714643 0.427514 0.619842 0.597195 0.706298 0.627667 0.722107
42.084168 -0.040054 0.298231 1.100893 0.790402 1.107626 0.796395 1.106081 0.794592 0.688527 0.654899 0.685921 0.654694 0.685617 0.654584 0.487526 0.577591 0.665178 0.648156 0.697121 0.661028
42.184369 -0.010171 0.302287 1.174507 0.666200 1.181806 0.671034 1.180089 0.669532 0.750352 0.576295 0.747742 0.576380 0.747430 0.576303 0.542569 0.521389 0.726436 0.572213 0.759519 0.581463
42.284569 0.020118 0.303467 1.234432 0.520005 1.242174 0.523288 1.240316 0.522210 0.803479 0.481881 0.800898 0.482286 0.800580 0.482248 0.591318 0.452684 0.779290 0.480799 0.813118 0.485910
42.384770 0.050526 0.300937 1.278759 0.358718 1.286781 0.360164 1.284826 0.359601 0.846521 0.375836 0.844002 0.376574 0.843683 0.376578 0.632665 0.374322 0.822381 0.377927 0.856514 0.378601
42.484970 0.080680 0.294366 1.306370 0.190927 1.314485 0.190396 1.312487 0.190398 0.878581 0.263691 0.876158 0.264755 0.875841 0.264800 0.665852 0.290290 0.854821 0.268942 0.888800 0.265134
42.585170 0.110175 0.283978 1.317075 0.026052 1.325084 0.023572 1.323099 0.024137 0.899361 0.151775 0.897066 0.153139 0.896755 0.153225 0.690558 0.205332 0.876301 0.159994 0.909674 0.151913
42.685371 0.138630 0.270550 1.311643 -0.126623 1.319354 -0.130865 1.317438 -0.129787 0.909211 0.046572 0.907071 0.048197 0.906771 0.048318 0.706954 0.124463 0.887142 0.057409 0.919490 0.045498
42.785571 0.165739 0.255337 1.291744 -0.258862 1.298988 -0.264547 1.297190 -0.263047 0.909111 -0.045919 0.907149 -0.044082 0.906862 -0.043931 0.715704 0.052480 0.888279 -0.032929 0.919238 -0.048042
42.885772 0.191324 0.239956 1.259800 -0.364206 1.266441 -0.370925 1.264802 -0.369123 0.900595 -0.120712 0.898828 -0.118719 0.898558 -0.118545 0.717915 -0.006462 0.881190 -0.106106 0.910471 -0.123670
42.985972 0.215368 0.226229 1.218778 -0.438402 1.224722 -0.445713 1.223269 -0.443740 0.885630 -0.174194 0.884070 -0.172098 0.883817 -0.171908 0.715060 -0.049151 0.867783 -0.158526 0.895179 -0.177735
43.086172 0.238036 0.216017 1.171955 -0.479512 1.177152 -0.486988 1.175900 -0.484971 0.866469 -0.204255 0.865123 -0.202106 0.864889 -0.201907 0.708877 -0.073465 0.850254 -0.188055 0.875642 -0.208113
43.186373 0.259681 0.211068 1.122687 -0.487725 1.127129 -0.494997 1.126081 -0.493046 0.845503 -0.210229 0.844373 -0.208069 0.844159 -0.207868 0.701258 -0.078360 0.830940 -0.193965 0.854278 -0.214141
43.286573 0.280830 0.212903 1.074214 -0.464942 1.077929 -0.471725 1.077076 -0.469925 0.825126 -0.192663 0.824212 -0.190521 0.824018 -0.190324 0.694148 -0.063736 0.812193 -0.176718 0.833511 -0.196382
43.386774 0.302163 0.222745 1.029512 -0.414253 1.032555 -0.420353 1.031880 -0.418760 0.807631 -0.152994 0.806930 -0.150888 0.806756 -0.150701 0.689465 -0.030223 0.796273 -0.137653 0.815656 -0.156303
43.486974 0.324482 0.241485 0.991203 -0.339391 0.993643 -0.344701 0.993127 -0.343345 0.795136 -0.093208 0.794646 -0.091145 0.794490 -0.090969 0.689041 0.021061 0.785276 -0.078661 0.802854 -0.095920
43.587174 0.348679 0.269687 0.961512 -0.244277 0.963431 -0.248757 0.963048 -0.247650 0.789545 -0.015540 0.789262 -0.013513 0.789123 -0.013352 0.694581 0.088720 0.781095 -0.001884 0.797026 -0.017501
43.687375 0.375702 0.307599 0.942273 -0.132691 0.943754 -0.136346 0.943480 -0.135485 0.792536 0.077734 0.792459 0.079742 0.792335 0.079888 0.707646 0.171224 0.785403 0.090482 0.799866 0.076649
43.787575 0.406524 0.355162 0.934954 -0.008113 0.936078 -0.010969 0.935888 -0.010346 0.805560 0.184388 0.805690 0.186402 0.805580 0.186532 0.729643 0.266968 0.799656 0.196275 0.812835 0.184278
43.887776 0.442111 0.411993 0.940689 0.126272 0.941535 0.124190 0.941406 0.124580 0.829848 0.302212 0.830188 0.304262 0.830091 0.304378 0.761815 0.374222 0.825095 0.313334 0.837172 0.303152
43.987976 0.483393 0.477337 0.960308 0.267430 0.960950 0.266114 0.960860 0.266270 0.866405 0.428863 0.866961 0.430984 0.866874 0.431087 0.805219 0.490989 0.862734 0.439349 0.873887 0.430907
44.088176 0.531222 0.549987 0.994335 0.412227 0.994851 0.411699 0.994775 0.411611 0.915983 0.561642 0.916764 0.563867 0.916687 0.563958 0.860690 0.614799 0.913341 0.571640 0.923736 0.564819
44.188377 0.586331 0.628166 1.042972 0.557140 1.043438 0.557451 1.043354 0.557096 0.979037 0.697212 0.980056 0.699572 0.979987 0.699653 0.928780 0.742455 0.977383 0.706876 0.987175 0.701526
44.288577 0.649274 0.709404 1.106037 0.697955 1.106538 0.699179 1.106417 0.698529 1.055643 0.831342 1.056913 0.833859 1.056852 0.833932 1.009672 0.869792 1.054951 0.840818 1.064277 0.836766
44.388778 0.720356 0.790430 1.182888 0.829555 1.183514 0.831772 1.183328 0.830795 1.145401 0.958706 1.146938 0.961391 1.146884 0.961458 1.103071 0.991507 1.145655 0.968121 1.154636 0.965171
44.488978 0.799557 0.867106 1.272317 0.945828 1.273170 0.949104 1.272884 0.947773 1.247317 1.072819 1.249136 1.075670 1.249088 1.075732 1.208088 1.101110 1.248509 1.082273 1.257249 1.080210
44.589178 0.886442 0.934452 1.372459 1.039773 1.373643 1.044129 1.373223 1.042434 1.359695 1.166173 1.361810 1.169171 1.361768 1.169230 1.323126 1.191076 1.361824 1.175732 1.370404 1.174321
44.689379 0.980074 0.986795 1.480705 1.103848 1.482329 1.109229 1.481738 1.107185 1.480049 1.230610 1.482472 1.233715 1.482435 1.233773 1.445794 1.253221 1.483115 1.240296 1.491597 1.239286
44.789579 1.078952 1.018062 1.593677 1.130556 1.595843 1.136807 1.595046 1.134463 1.605069 1.257951 1.607806 1.261107 1.607775 1.261163 1.572876 1.279339 1.609072 1.267742 1.617491 1.266868
44.889780 1.180962 1.022251 1.707269 1.113258 1.710062 1.120104 1.709030 1.117552 1.730657 1.240855 1.733709 1.243986 1.733684 1.244043 1.700370 1.262055 1.735594 1.250682 1.743962 1.249672
44.989980 1.283392 0.994034 1.816775 1.047110 1.820250 1.054156 1.818964 1.051529 1.852065 1.173815 1.855426 1.176833 1.855407 1.176890 1.823623 1.195810 1.857927 1.183563 1.866225 1.182151
45.090180 1.382994 0.929466 1.917116 0.930005 1.921289 0.936760 1.919742 0.934225 1.964125 1.054161 1.967781 1.056966 1.967769 1.057025 1.937566 1.077848 1.970898 1.063672 1.979079 1.061615
45.190381 1.476127 0.826692 2.003165 0.763342 2.008000 0.769257 2.006205 0.767004 2.061582 0.882883 2.065509 0.885373 2.065503 0.885433 2.037045 0.909032 2.069239 0.891962 2.077228 0.889057
45.290581 1.558962 0.686548 2.070125 0.552450 2.075528 0.556982 2.073516 0.555199 2.139483 0.665103 2.143648 0.667183 2.143648 0.667244 2.117203 0.694303 2.147986 0.673532 2.155685 0.669638
45.390782 1.627754 0.512932 2.113930 0.306532 2.119758 0.309216 2.117578 0.308068 2.193599 0.410055 2.197960 0.411642 2.197966 0.411703 2.173898 0.442658 2.202897 0.417606 2.210188 0.412657
45.490982 1.679150 0.312826 2.131625 0.038073 2.137686 0.038589 2.135405 0.038191 2.220811 0.130495 2.225316 0.131528 2.225329 0.131589 2.204075 0.166573 2.230832 0.136952 2.237588 0.130967
45.591182 1.710496 0.095914 2.121644 -0.238255 2.127717 -0.240033 2.125411 -0.239630 2.219408 -0.158406 2.224003 -0.157961 2.224022 -0.157901 2.206063 -0.119077 2.230065 -0.153226 2.236160 -0.160147
45.691383 1.720106 -0.126200 2.083968 -0.507043 2.089824 -0.511019 2.087573 -0.509842 2.189262 -0.440556 2.193888 -0.440696 2.193912 -0.440638 2.179736 -0.398472 2.200447 -0.436772 2.205767 -0.444462
45.791583 1.707461 -0.341092 2.020119 -0.753721 2.025539 -0.759594 2.023421 -0.757739 2.131834 -0.700571 2.136431 -0.701265 2.136461 -0.701209 2.126521 -0.656440 2.143424 -0.698227 2.147877 -0.706475
45.891784 1.673284 -0.536772 1.932997 -0.966016 1.937798 -0.973319 1.935877 -0.970942 2.050025 -0.925318 2.054539 -0.926499 2.054574 -0.926446 2.049252 -0.879956 2.061887 -0.924357 2.065409 -0.932940
45.991984 1.619499 -0.702911 1.826586 -1.135059 1.830631 -1.143230 1.828959 -1.140523 1.947889 -1.105086 1.952272 -1.106665 1.952311 -1.106614 1.951894 -1.059295 1.959888 -1.105355 1.962448 -1.114072
46.092184 1.549067 -0.831822 1.705568 -1.255993 1.708779 -1.264446 1.707384 -1.261611 1.830249 -1.234269 1.834462 -1.236138 1.834506 -1.236090 1.839173 -1.188706 1.842258 -1.235525 1.843854 -1.244218
46.192385 1.465718 -0.919070 1.574905 -1.328029 1.577259 -1.336230 1.576152 -1.333454 1.702277 -1.311474 1.706294 -1.313518 1.706342 -1.313472 1.716172 -1.266539 1.714191 -1.313404 1.714841 -1.321980
46.292585 1.373627 -0.963615 1.439438 -1.354009 1.440967 -1.361529 1.440140 -1.358966 1.569087 -1.339114 1.572896 -1.341218 1.572948 -1.341173 1.587939 -1.294869 1.580831 -1.341360 1.580569 -1.349796
46.392786 1.277072 -0.967518 1.303560 -1.339612 1.304336 -1.346158 1.303766 -1.343918 1.435394 -1.322615 1.438994 -1.324673 1.439050 -1.324628 1.459160 -1.278753 1.446928 -1.324805 1.445791 -1.333144
46.492986 1.180126 -0.935307 1.170978 -1.292372 1.171098 -1.297800 1.170752 -1.295942 1.305260 -1.269424 1.308660 -1.271343 1.308721 -1.271295 1.333908 -1.225272 1.316585 -1.271195 1.314603 -1.279539
46.593186 1.086408 -0.873139 1.044572 -1.220689 1.044149 -1.224984 1.043988 -1.223523 1.181942 -1.187981 1.185161 -1.189681 1.185228 -1.189629 1.215494 -1.142539 1.193098 -1.189000 1.190287 -1.197492
46.693387 0.998919 -0.787935 0.926363 -1.132952 0.925508 -1.136204 0.925493 -1.135120 1.067840 -1.086809 1.070907 -1.088227 1.070979 -1.088169 1.106414 -1.038824 1.078908 -1.086783 1.075262 -1.095594
46.793587 0.919968 -0.686607 0.817549 -1.036877 0.816363 -1.039251 0.816456 -1.038496 0.964529 -0.973821 0.967474 -0.974909 0.967553 -0.974841 1.008370 -0.921859 0.975621 -0.972500 0.971109 -0.981822
46.893788 0.851170 -0.575486 0.718601 -0.939079 0.717170 -0.940776 0.717339 -0.940291 0.872838 -0.855873 0.875699 -0.856593 0.875785 -0.856515 0.922341 -0.798409 0.884096 -0.853050 0.878662 -0.863081
46.993988 0.793506 -0.459977 0.629390 -0.844858 0.627780 -0.846095 0.627999 -0.845813 0.792975 -0.738558 0.795790 -0.738884 0.795885 -0.738793 0.848696 -0.674055 0.804562 -0.734062 0.798124 -0.745003
47.094188 0.747416 -0.344448 0.549326 -0.758171 0.547580 -0.759154 0.547829 -0.759010 0.724649 -0.626196 0.727460 -0.626112 0.727565 -0.626005 0.787305 -0.553199 0.736747 -0.619892 0.729200 -0.631935
47.194389 0.712902 -0.232296 0.477487 -0.681713 0.475629 -0.682628 0.475894 -0.682565 0.667197 -0.521963 0.670045 -0.521460 0.670161 -0.521336 0.737657 -0.439188 0.679999 -0.513753 0.671218 -0.527073
47.294589 0.689626 -0.126139 0.412741 -0.617069 0.410778 -0.618074 0.411051 -0.618039 0.619687 -0.428097 0.622612 -0.427177 0.622741 -0.427035 0.698946 -0.334540 0.633394 -0.417924 0.623235 -0.432667
47.394790 0.676987 -0.028071 0.353851 -0.564876 0.351773 -0.566099 0.352052 -0.566050 0.580997 -0.346125 0.584040 -0.344800 0.584185 -0.344639 0.670143 -0.241179 0.595812 -0.333985 0.584121 -0.350248
47.494990 0.674174 0.060079 0.299559 -0.524984 0.297345 -0.526523 0.297630 -0.526426 0.549882 -0.277064 0.553081 -0.275359 0.553243 -0.275179 0.650044 -0.160656 0.566003 -0.263023 0.552619 -0.280834
47.595190 0.680194 0.136534 0.248657 -0.496581 0.246276 -0.498505 0.246573 -0.498332 0.525013 -0.221580 0.528403 -0.219535 0.528584 -0.219337 0.637301 -0.094303 0.542625 -0.205791 0.527391 -0.225088
47.695391 0.693875 0.199425 0.200051 -0.478302 0.197467 -0.480647 0.197782 -0.480378 0.505006 -0.180071 0.508617 -0.177744 0.508819 -0.177531 0.630433 -0.043312 0.524274 -0.162789 0.507045 -0.183400
47.795591 0.713857 0.246760 0.152809 -0.468310 0.149980 -0.471084 0.150324 -0.470704 0.488452 -0.152687 0.492308 -0.150154 0.492532 -0.149929 0.627849 -0.008718 0.509507 -0.134286 0.490164 -0.155910
47.895792 0.738583 0.276488 0.106203 -0.464398 0.103091 -0.467568 0.103473 -0.467075 0.473939 -0.139288 0.478056 -0.136643 0.478302 -0.136411 0.627863 0.008695 0.496869 -0.120262 0.475332 -0.142463
47.995992 0.766287 0.286685 0.059743 -0.464088 0.056311 -0.467588 0.056744 -0.466983 0.460088 -0.139361 0.464470 -0.136716 0.464740 -0.136485 0.628731 0.008564 0.484926 -0.120323 0.461163 -0.142532
48.096192 0.795013 0.275816 0.013199 -0.464784 0.009419 -0.468505 0.009912 -0.467805 0.445593 -0.151931 0.450235 -0.149411 0.450528 -0.149188 0.628702 -0.008866 0.472306 -0.133589 0.446349 -0.155124
48.196393 0.822650 0.243057 -0.033400 -0.463952 -0.037545 -0.467746 -0.036983 -0.466977 0.429273 -0.175488 0.434156 -0.173225 0.434470 -0.173018 0.626090 -0.042563 0.457754 -0.158611 0.429709 -0.178711
48.296593 0.847004 0.188617 -0.079777 -0.459328 -0.084289 -0.463015 -0.083652 -0.462213 0.410125 -0.207972 0.415218 -0.206095 0.415551 -0.205913 0.619360 -0.090596 0.440192 -0.193339 0.410239 -0.211217
48.396794 0.865904 0.113998 -0.125450 -0.449141 -0.130311 -0.452521 -0.129597 -0.451732 0.387379 -0.246830 0.392637 -0.245457 0.392988 -0.245309 0.607220 -0.150123 0.418774 -0.235175 0.387172 -0.250073
48.496994 0.877326 0.022133 -0.169787 -0.432307 -0.174961 -0.435175 -0.174171 -0.434449 0.360540 -0.289163 0.365908 -0.288393 0.366272 -0.288285 0.588703 -0.217519 0.392937 -0.281111 0.360015 -0.292371
48.597194 0.879544 -0.082652 -0.212088 -0.408571 -0.217519 -0.410738 -0.216661 -0.410126 0.329411 -0.331952 0.334826 -0.331852 0.335198 -0.331789 0.563237 -0.288630 0.362429 -0.327959 0.328574 -0.335083
48.697395 0.871262 -0.194884 -0.251671 -0.378560 -0.257285 -0.379874 -0.256371 -0.379419 0.294093 -0.372326 0.299485 -0.372928 0.299861 -0.372913 0.530677 -0.359133 0.327315 -0.372637 0.292953 -0.375338
48.797595 0.851735 -0.308374 -0.287961 -0.343736 -0.293669 -0.344097 -0.292716 -0.343834 0.254955 -0.407853 0.260254 -0.409148 0.260629 -0.409182 0.491297 -0.424958 0.287950 -0.412474 0.253525 -0.410708
48.897796 0.820836 -0.416799 -0.320567 -0.306249 -0.326275 -0.305624 -0.325301 -0.305573 0.212577 -0.436786 0.217714 -0.438728 0.218084 -0.438807 0.445748 -0.482696 0.244923 -0.445481 0.210872 -0.439454
48.997996 0.779072 -0.514351 -0.349344 -0.268719 -0.354956 -0.267143 -0.353983 -0.267305 0.167671 -0.458234 0.172586 -0.460744 0.172945 -0.460865 0.394967 -0.529940 0.198979 -0.470554 0.165710 -0.460700
49.098196 0.727534 -0.596334 -0.374428 -0.233969 -0.379852 -0.231542 -0.378901 -0.231903 0.120994 -0.472239 0.125634 -0.475212 0.125980 -0.475367 0.340070 -0.565491 0.150927 -0.487558 0.118794 -0.474506
49.198397 0.667781 -0.659634 -0.396240 -0.204770 -0.401397 -0.201641 -0.400486 -0.202173 0.073252 -0.479736 0.077576 -0.483052 0.077904 -0.483232 0.282225 -0.589423 0.101540 -0.497314 0.070831 -0.481824
49.298597 0.601686 -0.702970 -0.415470 -0.183622 -0.420296 -0.179973 -0.419442 -0.180638 0.025016 -0.482420 0.028996 -0.485955 0.029305 -0.486152 0.222530 -0.602996 0.051467 -0.501466 0.022389 -0.484371
49.398798 0.531248 -0.726909 -0.433040 -0.172605 -0.437492 -0.168631 -0.436705 -0.169387 -0.023340 -0.482551 -0.019720 -0.486188 -0.019431 -0.486393 0.161903 -0.608447 0.001160 -0.502289 -0.026162 -0.484425
49.498998 0.458411 -0.733648 -0.450060 -0.173309 -0.454111 -0.169200 -0.453401 -0.170003 -0.071689 -0.482725 -0.068434 -0.486358 -0.068166 -0.486563 0.101003 -0.608703 -0.049178 -0.502442 -0.074702 -0.484598
49.599198 0.384899 -0.726623 -0.467772 -0.186836 -0.471413 -0.182763 -0.470783 -0.183574 -0.120170 -0.485646 -0.117276 -0.489190 -0.117028 -0.489388 0.040179 -0.607066 -0.099620 -0.504731 -0.123378 -0.487605
49.699399 0.312091 -0.710025 -0.487503 -0.213851 -0.490745 -0.209961 -0.490194 -0.210744 -0.169192 -0.493926 -0.166645 -0.497319 -0.166416 -0.497502 -0.020558 -0.606916 -0.150515 -0.511893 -0.172606 -0.496070
49.799599 0.240946 -0.688304 -0.510631 -0.254655 -0.513494 -0.251066 -0.513020 -0.251793 -0.219411 -0.509924 -0.217196 -0.513124 -0.216984 -0.513290 -0.081522 -0.611442 -0.202479 -0.526418 -0.223055 -0.512356
49.899800 0.171978 -0.665731 -0.538544 -0.309249 -0.541061 -0.306056 -0.540658 -0.306701 -0.271704 -0.535618 -0.269800 -0.538607 -0.269604 -0.538752 -0.143327 -0.623443 -0.256357 -0.550410 -0.275612 -0.538445
50.000000 0.105272 -0.646052 -0.572619 -0.377362 -0.574830 -0.374645 -0.574489 -0.375185 -0.327122 -0.572506 -0.325507 -0.575283 -0.325325 -0.575405 -0.206837 -0.645161 -0.313182 -0.585473 -0.331338 -0.575835
