# euler(y0, y1, ) runge2a(y0, y1, ) runge2b(y0, y1, ) runge2c(y0, y1, ) runge3(y0, y1, ) runge4a(y0, y1, ) runge4b(y0, y1, ) adams2(y0, y1, ) adams3(y0, y1, ) adams4(y0, y1, ) 
0.000000 1.000000 0.000000 1.000000 0.000000 1.000000 0.000000 1.000000 0.000000 1.000000 0.000000 1.000000 0.000000 1.000000 0.000000 1.000000 0.000000 1.000000 0.000000 1.000000 0.000000
0.100200 1.000000 0.170341 1.008534 0.168736 1.008534 0.169537 1.008534 0.169269 1.008507 0.169745 1.008519 0.169748 1.008519 0.169748 1.008519 0.169748 1.008519 0.169748 1.008519 0.169748
0.200401 1.017068 0.337473 1.033886 0.333838 1.033967 0.335466 1.033940 0.334923 1.033873 0.335842 1.033897 0.335851 1.033896 0.335852 1.033928 0.335525 1.033897 0.335851 1.033897 0.335851
0.300601 1.050883 0.497798 1.075502 0.491230 1.075746 0.493752 1.075665 0.492910 1.075532 0.494214 1.075567 0.494232 1.075567 0.494234 1.075574 0.493526 1.076845 0.495822 1.075567 0.494232
0.400802 1.100763 0.647265 1.132387 0.636059 1.132886 0.639561 1.132719 0.638391 1.132477 0.639997 1.132522 0.640026 1.132522 0.640029 1.132439 0.638860 1.134009 0.641425 1.138958 0.641685
0.501002 1.165619 0.781043 1.203016 0.762506 1.203868 0.767063 1.203583 0.765538 1.203160 0.767350 1.203215 0.767391 1.203215 0.767394 1.202964 0.765676 1.204833 0.768926 1.208935 0.768351
0.601202 1.243880 0.893375 1.285227 0.863816 1.286541 0.869460 1.286102 0.867569 1.285403 0.869487 1.285467 0.869540 1.285467 0.869543 1.284949 0.867208 1.287229 0.871197 1.291131 0.871244
0.701403 1.333396 0.977653 1.376145 0.932615 1.378028 0.939294 1.377398 0.937051 1.376311 0.938997 1.376382 0.939059 1.376383 0.939062 1.375482 0.936092 1.378290 0.940817 1.382254 0.941086
0.801603 1.431357 1.026756 1.472132 0.961499 1.474688 0.969050 1.473832 0.966507 1.472238 0.968443 1.472316 0.968513 1.472317 0.968516 1.470905 0.964972 1.474368 0.970352 1.478389 0.970688
0.901804 1.534239 1.033662 1.568831 0.943901 1.572144 0.952023 1.571033 0.949278 1.568827 0.951238 1.568912 0.951313 1.568913 0.951316 1.566860 0.947363 1.571105 0.953207 1.575193 0.953445
1.002004 1.637812 0.992287 1.661290 0.875106 1.665413 0.883363 1.664028 0.880560 1.661147 0.882661 1.661240 0.882740 1.661241 0.882743 1.658433 0.878667 1.663570 0.884658 1.667716 0.884629
1.102204 1.737240 0.898472 1.744209 0.753283 1.749147 0.761123 1.747485 0.758447 1.743928 0.760893 1.744032 0.760973 1.744034 0.760976 1.740395 0.757177 1.746498 0.762875 1.750673 0.762416
1.202405 1.827267 0.750981 1.812269 0.580324 1.817971 0.587136 1.816049 0.584791 1.811903 0.587852 1.812020 0.587931 1.812023 0.587934 1.807540 0.584898 1.814624 0.589764 1.818778 0.588736
1.302605 1.902516 0.552323 1.860547 0.362304 1.866901 0.367484 1.864754 0.365675 1.860204 0.369641 1.860338 0.369714 1.860342 0.369717 1.855080 0.367959 1.863082 0.371409 1.867147 0.369714
1.402806 1.957859 0.309209 1.884938 0.109382 1.891770 0.112420 1.889456 0.111323 1.884783 0.116444 1.884937 0.116506 1.884941 0.116510 1.879058 0.116500 1.887826 0.117979 1.891716 0.115574
1.503006 1.988841 0.032492 1.882551 -0.164907 1.889639 -0.164345 1.887231 -0.164613 1.882791 -0.158183 1.882966 -0.158139 1.882971 -0.158134 1.876711 -0.156051 1.886001 -0.156984 1.889623 -0.160079
1.603206 1.992097 -0.263506 1.851990 -0.444914 1.859082 -0.446932 1.856665 -0.446331 1.852856 -0.438583 1.853052 -0.438563 1.853057 -0.438558 1.846738 -0.434229 1.856225 -0.437824 1.859486 -0.441525
1.703407 1.965694 -0.562249 1.793495 -0.714542 1.800332 -0.718988 1.797993 -0.717561 1.795211 -0.708642 1.795425 -0.708651 1.795431 -0.708646 1.789412 -0.702151 1.798719 -0.708414 1.801535 -0.712586
1.803607 1.909356 -0.846675 1.708897 -0.959004 1.715238 -0.965489 1.713059 -0.963363 1.711656 -0.953549 1.711882 -0.953589 1.711888 -0.953584 1.706536 -0.945234 1.715262 -0.953911 1.717570 -0.958391
1.903808 1.824519 -1.101065 1.601397 -1.166418 1.607046 -1.174371 1.605095 -1.171735 1.605337 -1.161376 1.605570 -1.161445 1.605575 -1.161440 1.601222 -1.151728 1.608988 -1.162342 1.610749 -1.166960
2.004008 1.714192 -1.312778 1.475212 -1.328950 1.480031 -1.337702 1.478356 -1.334779 1.480404 -1.324220 1.480637 -1.324314 1.480643 -1.324308 1.477551 -1.313826 1.484035 -1.325750 1.485235 -1.330362
2.104208 1.582651 -1.473563 1.335118 -1.443362 1.339038 -1.452234 1.337663 -1.449252 1.341570 -1.438757 1.341797 -1.438867 1.341803 -1.438862 1.340145 -1.428204 1.345109 -1.440758 1.345760 -1.445263
2.204409 1.434999 -1.580234 1.185984 -1.510919 1.189002 -1.519306 1.187930 -1.516472 1.193650 -1.506163 1.193867 -1.506281 1.193873 -1.506276 1.193722 -1.495945 1.197030 -1.508504 1.197162 -1.512855
2.304609 1.276659 -1.634627 1.032337 -1.536753 1.034509 -1.544191 1.033723 -1.541664 1.041141 -1.531496 1.041347 -1.531613 1.041353 -1.531609 1.042690 -1.521945 1.044306 -1.534022 1.043959 -1.538228
2.404810 1.112869 -1.642914 0.878018 -1.528868 0.879444 -1.535056 0.878912 -1.532942 0.887879 -1.522704 0.888073 -1.522815 0.888079 -1.522811 0.890815 -1.513959 0.890790 -1.525261 0.890003 -1.529379
2.505010 0.948248 -1.614443 0.725951 -1.496967 0.726758 -1.501777 0.726437 -1.500124 0.736807 -1.489471 0.736991 -1.489572 0.736997 -1.489567 0.740998 -1.481475 0.739443 -1.491922 0.738249 -1.496041
2.605210 0.786481 -1.560359 0.578028 -1.451324 0.578356 -1.454782 0.578200 -1.453586 0.589858 -1.442082 0.590034 -1.442171 0.590041 -1.442166 0.595159 -1.434614 0.592218 -1.444319 0.590634 -1.448549
2.705411 0.630132 -1.492246 0.435113 -1.401828 0.435096 -1.404078 0.435059 -1.403294 0.447948 -1.390462 0.448118 -1.390538 0.448126 -1.390532 0.454225 -1.383180 0.450047 -1.392410 0.448072 -1.396872
2.805611 0.480608 -1.420972 0.297115 -1.357260 0.296872 -1.358530 0.296913 -1.358086 0.311047 -1.343441 0.311213 -1.343505 0.311222 -1.343498 0.318199 -1.335935 0.312913 -1.345061 0.310527 -1.349876
2.905812 0.338226 -1.355856 0.163134 -1.324820 0.162762 -1.325389 0.162848 -1.325194 0.178317 -1.308280 0.178480 -1.308332 0.178490 -1.308322 0.186291 -1.300111 0.179983 -1.309556 0.177150 -1.314846
3.006012 0.202369 -1.304161 0.031635 -1.309854 0.031204 -1.310028 0.031310 -1.309981 0.048282 -1.290383 0.048443 -1.290423 0.048454 -1.290412 0.057079 -1.281119 0.049789 -1.291319 0.046451 -1.297203
3.106212 0.071692 -1.270874 -0.099352 -1.315716 -0.099805 -1.315812 -0.099692 -1.315809 -0.080974 -1.293164 -0.080815 -1.293193 -0.080802 -1.293180 -0.071297 -1.282401 -0.079588 -1.293775 -0.083501 -1.300368
3.206413 -0.055651 -1.258691 -0.232033 -1.343693 -0.232499 -1.344031 -0.232386 -1.343966 -0.211608 -1.317973 -0.211452 -1.317991 -0.211438 -1.317975 -0.200940 -1.305347 -0.210305 -1.318276 -0.214877 -1.325688
3.306613 -0.181772 -1.268096 -0.368636 -1.392942 -0.369140 -1.393841 -0.369019 -1.393607 -0.345807 -1.364039 -0.345654 -1.364047 -0.345638 -1.364029 -0.333985 -1.349238 -0.344550 -1.364055 -0.349877 -1.372380
3.406814 -0.308836 -1.297486 -0.511195 -1.460430 -0.511794 -1.462202 -0.511649 -1.461695 -0.485572 -1.428419 -0.485422 -1.428417 -0.485404 -1.428397 -0.472386 -1.411194 -0.484326 -1.428167 -0.490510 -1.437477
3.507014 -0.438844 -1.343290 -0.661329 -1.540879 -0.662110 -1.543818 -0.661913 -1.542939 -0.632499 -1.505951 -0.632352 -1.505940 -0.632331 -1.505917 -0.617701 -1.486135 -0.631229 -1.505454 -0.638381 -1.515777
3.607214 -0.573442 -1.400075 -0.820013 -1.626779 -0.821093 -1.631143 -0.820807 -1.629802 -0.787555 -1.589273 -0.787410 -1.589255 -0.787387 -1.589230 -0.770864 -1.566816 -0.786228 -1.588561 -0.794456 -1.599868
3.707415 -0.713730 -1.460691 -0.987360 -1.708547 -0.988883 -1.714525 -0.988461 -1.712655 -0.950866 -1.668988 -0.950722 -1.668964 -0.950696 -1.668937 -0.931981 -1.643988 -0.949450 -1.668102 -0.958859 -1.680288
3.807615 -0.860092 -1.516493 -1.162425 -1.774912 -1.164553 -1.782587 -1.163941 -1.780155 -1.121529 -1.734044 -1.121384 -1.734016 -1.121355 -1.733988 -1.100144 -1.706798 -1.119993 -1.733042 -1.130675 -1.745909
3.907816 -1.012045 -1.557721 -1.343063 -1.813606 -1.345965 -1.822913 -1.345109 -1.819933 -1.297477 -1.772418 -1.297329 -1.772391 -1.297297 -1.772361 -1.273303 -1.743466 -1.295796 -1.771379 -1.307819 -1.784626
4.008016 -1.168130 -1.574082 -1.525875 -1.812382 -1.529712 -1.823072 -1.528556 -1.819620 -1.475429 -1.772115 -1.475279 -1.772093 -1.475244 -1.772064 -1.448225 -1.742271 -1.473589 -1.771138 -1.486985 -1.784360
4.108216 -1.325853 -1.555572 -1.706265 -1.760316 -1.711170 -1.771937 -1.709669 -1.768156 -1.650957 -1.722442 -1.650805 -1.722432 -1.650768 -1.722404 -1.620561 -1.692805 -1.648954 -1.721644 -1.663714 -1.734346
4.208417 -1.481722 -1.493489 -1.878647 -1.649273 -1.884705 -1.661178 -1.882828 -1.657275 -1.818685 -1.615433 -1.818534 -1.615443 -1.818495 -1.615416 -1.785053 -1.587354 -1.816536 -1.614938 -1.832592 -1.626562
4.308617 -1.631370 -1.381579 -2.036796 -1.475310 -2.044024 -1.486699 -2.041764 -1.482936 -1.972633 -1.447214 -1.972489 -1.447249 -1.972447 -1.447226 -1.935876 -1.422222 -1.970376 -1.447136 -1.987597 -1.457105
4.408818 -1.769805 -1.217128 -2.174336 -1.239772 -2.182668 -1.249769 -2.180043 -1.246434 -2.106684 -1.219058 -2.106554 -1.219123 -2.106511 -1.219105 -2.067095 -1.198735 -2.104378 -1.219486 -2.122571 -1.227256
4.509018 -1.891762 -1.001834 -2.285310 -0.949814 -2.294593 -0.957573 -2.291649 -0.954949 -2.215132 -0.937888 -2.215023 -0.937984 -2.214979 -0.937973 -2.173200 -0.923709 -2.212856 -0.938865 -2.231765 -0.943986
4.609218 -1.992146 -0.742245 -2.364771 -0.618172 -2.374768 -0.622992 -2.371581 -0.621315 -2.293241 -0.616044 -2.293161 -0.616168 -2.293116 -0.616165 -2.249645 -0.609197 -2.291084 -0.617558 -2.310406 -0.619724
4.709419 -2.066519 -0.449599 -2.409308 -0.262116 -2.419714 -0.263542 -2.416383 -0.262970 -2.337746 -0.270274 -2.337699 -0.270419 -2.337655 -0.270424 -2.293322 -0.271500 -2.335799 -0.272251 -2.355199 -0.271344
4.809619 -2.111569 -0.139006 -2.417430 0.098295 -2.427901 0.100395 -2.424537 0.099811 -2.347212 0.079954 -2.347203 0.079795 -2.347159 0.079782 -2.302901 0.070477 -2.345555 0.077636 -2.364691 0.081537
4.909820 -2.125498 0.171984 -2.389743 0.442393 -2.399926 0.447813 -2.396646 0.446132 -2.322206 0.414557 -2.322232 0.414394 -2.322190 0.414373 -2.278985 0.397251 -2.320899 0.412049 -2.339446 0.418677
5.010020 -2.108265 0.465226 -2.328897 0.751164 -2.338467 0.759389 -2.335378 0.756776 -2.265243 0.715019 -2.265303 0.714857 -2.265263 0.714830 -2.224048 0.690858 -2.264320 0.712474 -2.281992 0.721412
5.110220 -2.061649 0.723964 -2.239311 1.009203 -2.247998 1.019491 -2.245190 1.016187 -2.180535 0.966283 -2.180625 0.966126 -2.180587 0.966093 -2.142188 0.936664 -2.179999 0.963829 -2.196569 0.974561
5.210421 -1.989107 0.934611 -2.126725 1.206064 -2.134337 1.217556 -2.131874 1.213842 -2.073572 1.158064 -2.073686 1.157911 -2.073650 1.157875 -2.038723 1.124623 -2.073399 1.155784 -2.088708 1.167759
5.310621 -1.895459 1.088035 -1.997659 1.336827 -2.004089 1.348661 -2.002008 1.344823 -1.950606 1.285415 -1.950738 1.285263 -1.950706 1.285224 -1.919700 1.249823 -1.950754 1.283337 -1.964712 1.296025
5.410822 -1.786437 1.180157 -1.858844 1.401888 -1.864073 1.413303 -1.862382 1.409594 -1.818121 1.348544 -1.818270 1.348389 -1.818241 1.348349 -1.791395 1.312321 -1.818539 1.346645 -1.831119 1.359579
5.511022 -1.668185 1.211820 -1.716724 1.406107 -1.720804 1.416513 -1.719486 1.413131 -1.682353 1.352010 -1.682518 1.351848 -1.682493 1.351808 -1.659851 1.316381 -1.682993 1.350230 -1.694218 1.363030
5.611222 -1.546760 1.188027 -1.577058 1.357556 -1.580099 1.366567 -1.579119 1.363642 -1.548915 1.303525 -1.549096 1.303351 -1.549075 1.303312 -1.530524 1.269343 -1.549735 1.301780 -1.559667 1.314162
5.711423 -1.427720 1.116751 -1.444671 1.266133 -1.446816 1.273561 -1.446127 1.271160 -1.422542 1.212611 -1.422743 1.212422 -1.422725 1.212384 -1.408042 1.180343 -1.423518 1.210812 -1.432240 1.222586
5.811623 -1.315821 1.007594 -1.323338 1.142268 -1.324747 1.148098 -1.324295 1.146228 -1.306980 1.089348 -1.307205 1.089139 -1.307192 1.089102 -1.296095 1.059107 -1.308105 1.087410 -1.315709 1.098464
5.911824 -1.214860 0.870525 -1.215789 0.995903 -1.216621 1.000240 -1.216354 0.998868 -1.204981 0.943370 -1.205235 0.943135 -1.205226 0.943099 -1.197422 0.914983 -1.206265 0.941221 -1.212843 0.951509
6.012024 -1.127633 0.714880 -1.123803 0.835808 -1.124205 0.838829 -1.124075 0.837898 -1.118384 0.783195 -1.118672 0.782929 -1.118666 0.782893 -1.113887 0.756288 -1.119849 0.780776 -1.125488 0.790304
6.112224 -1.056001 0.548739 -1.048350 0.669263 -1.048453 0.671172 -1.048414 0.670617 -1.048243 0.615917 -1.048571 0.615608 -1.048569 0.615572 -1.046597 0.589991 -1.049925 0.613178 -1.054700 0.621989
6.212425 -1.001017 0.378659 -0.989749 0.502049 -0.989661 0.503036 -0.989678 0.502794 -0.994978 0.447185 -0.995351 0.446824 -0.995353 0.446788 -0.996036 0.421693 -0.996920 0.444084 -1.000894 0.452251
6.312625 -0.963076 0.209750 -0.947810 0.338663 -0.947623 0.338881 -0.947665 0.338902 -0.958502 0.281438 -0.958927 0.281014 -0.958932 0.280976 -0.962190 0.255840 -0.960752 0.277938 -0.963979 0.285554
6.412826 -0.942059 0.045966 -0.921951 0.182683 -0.921741 0.182239 -0.921781 0.182488 -0.938334 0.122268 -0.938816 0.121770 -0.938825 0.121730 -0.944642 0.096081 -0.940942 0.118337 -0.943461 0.125510
6.513026 -0.937453 -0.109456 -0.911267 0.037186 -0.911099 0.036136 -0.911114 0.036597 -0.933652 -0.027147 -0.934199 -0.027727 -0.934212 -0.027769 -0.942627 -0.054314 -0.936670 -0.031534 -0.938511 -0.024691
6.613226 -0.948420 -0.253541 -0.914558 -0.094858 -0.914494 -0.096495 -0.914463 -0.095829 -0.943324 -0.163641 -0.943941 -0.164308 -0.943959 -0.164353 -0.955053 -0.192052 -0.946803 -0.168496 -0.947985 -0.161873
6.713427 -0.973825 -0.383156 -0.930325 -0.210282 -0.930425 -0.212510 -0.930327 -0.211636 -0.965885 -0.283750 -0.966580 -0.284504 -0.966602 -0.284551 -0.980477 -0.313516 -0.969870 -0.289063 -0.970407 -0.282561
6.813627 -1.012218 -0.494718 -0.956735 -0.305563 -0.957058 -0.308384 -0.956872 -0.307301 -0.999499 -0.383551 -1.000279 -0.384383 -1.000306 -0.384434 -1.017063 -0.414608 -1.004034 -0.389287 -1.003931 -0.382823
6.913828 -1.061789 -0.584069 -0.991583 -0.376844 -0.992191 -0.380236 -0.991896 -0.378951 -1.041919 -0.458700 -1.042787 -0.459598 -1.042819 -0.459651 -1.062540 -0.490797 -1.047035 -0.464794 -1.046295 -0.458310
7.014028 -1.120313 -0.646559 -1.032267 -0.420165 -1.033216 -0.424055 -1.032791 -0.422594 -1.090446 -0.504693 -1.091408 -0.505635 -1.091445 -0.505689 -1.114168 -0.537390 -1.096168 -0.511041 -1.094791 -0.504509
7.114228 -1.185098 -0.677343 -1.075789 -0.431878 -1.077129 -0.436127 -1.076557 -0.434539 -1.141943 -0.517327 -1.143000 -0.518284 -1.143043 -0.518339 -1.168749 -0.550009 -1.148283 -0.523787 -1.146268 -0.517213
7.214429 -1.252968 -0.671897 -1.118815 -0.409217 -1.120581 -0.413606 -1.119850 -0.411966 -1.192893 -0.493321 -1.194045 -0.494261 -1.194093 -0.494314 -1.222690 -0.525231 -1.199846 -0.499717 -1.197199 -0.493142
7.314629 -1.320292 -0.626685 -1.157797 -0.350916 -1.159999 -0.355158 -1.159105 -0.353566 -1.239522 -0.431014 -1.240767 -0.431898 -1.240821 -0.431949 -1.272137 -0.461301 -1.247070 -0.437139 -1.243798 -0.430638
7.414830 -1.383087 -0.539906 -1.189146 -0.257789 -1.191766 -0.261545 -1.190715 -0.260121 -1.278002 -0.330998 -1.279332 -0.331785 -1.279392 -0.331832 -1.313181 -0.358775 -1.286108 -0.336620 -1.282227 -0.330303
7.515030 -1.437185 -0.412195 -1.209475 -0.133116 -1.212460 -0.136037 -1.211271 -0.134903 -1.304693 -0.196555 -1.306101 -0.197205 -1.306165 -0.197246 -1.342113 -0.220967 -1.313305 -0.201435 -1.308837 -0.195436
7.615230 -1.478487 -0.247132 -1.215854 0.017270 -1.219114 0.015499 -1.217819 0.016229 -1.316428 -0.033777 -1.317901 -0.034254 -1.317969 -0.034287 -1.355707 -0.054060 -1.325475 -0.037682 -1.320452 -0.032151
7.715431 -1.503250 -0.051427 -1.206061 0.185269 -1.209476 0.184878 -1.208116 0.185120 -1.310782 0.148729 -1.312302 0.148456 -1.312373 0.148431 -1.351499 0.133190 -1.320174 0.146009 -1.314638 0.150913
7.815631 -1.508403 0.165319 -1.178784 0.361178 -1.182215 0.362268 -1.180840 0.361981 -1.286290 0.340535 -1.287837 0.340487 -1.287910 0.340472 -1.328005 0.330167 -1.295921 0.339164 -1.289924 0.343295
7.915832 -1.491838 0.391322 -1.133746 0.534652 -1.137041 0.537176 -1.135706 0.536372 -1.242580 0.530427 -1.244133 0.530611 -1.244207 0.530607 -1.284850 0.525439 -1.252331 0.530506 -1.245938 0.533742
8.016032 -1.452628 0.613718 -1.071706 0.695827 -1.074724 0.699586 -1.073479 0.698329 -1.180395 0.707602 -1.181930 0.708013 -1.182003 0.708018 -1.222791 0.707973 -1.190134 0.709152 -1.183420 0.711415
8.116232 -1.391133 0.819924 -0.994362 0.836395 -0.996982 0.841070 -0.995871 0.839467 -1.101491 0.862849 -1.102983 0.863468 -1.103055 0.863482 -1.143606 0.868324 -1.111081 0.865805 -1.104131 0.867076
8.216433 -1.308976 0.999032 -0.904140 0.950483 -0.906275 0.955672 -0.905333 0.953860 -1.008422 0.989508 -1.009851 0.990304 -1.009921 0.990327 -1.049882 0.999609 -1.017728 0.993721 -1.010632 0.994045
8.316633 -1.208873 1.143006 -0.803919 1.035162 -0.805522 1.040442 -0.804767 1.038569 -0.904258 1.084059 -0.905604 1.084992 -0.905671 1.085021 -0.944731 1.098105 -0.913156 1.089303 -0.906003 1.088798
8.416834 -1.094343 1.247486 -0.696715 1.090560 -0.697782 1.095541 -0.697217 1.093743 -0.792254 1.146271 -0.793504 1.147297 -0.793567 1.147332 -0.831457 1.163410 -0.800637 1.152272 -0.793510 1.151114
8.517034 -0.969344 1.312058 -0.585381 1.119579 -0.585945 1.123946 -0.585562 1.122338 -0.675532 1.178938 -0.676677 1.180015 -0.676737 1.180052 -0.713242 1.198194 -0.683318 1.185395 -0.676288 1.183809
8.617234 -0.837876 1.339993 -0.472353 1.127323 -0.472479 1.130865 -0.472258 1.129526 -0.556808 1.187282 -0.557844 1.188370 -0.557900 1.188408 -0.592866 1.207607 -0.563946 1.193900 -0.557061 1.192136
8.717435 -0.703608 1.337545 -0.359464 1.120353 -0.359235 1.122974 -0.359148 1.121944 -0.438184 1.178167 -0.439112 1.179235 -0.439164 1.179272 -0.472509 1.198504 -0.444652 1.184682 -0.437938 1.182998
8.817635 -0.569585 1.312956 -0.247834 1.105918 -0.247342 1.107624 -0.247358 1.106908 -0.321028 1.159272 -0.321852 1.160295 -0.321900 1.160330 -0.353616 1.178608 -0.326832 1.165467 -0.320286 1.164109
8.917836 -0.438027 1.275379 -0.137839 1.091251 -0.137175 1.092137 -0.137263 1.091710 -0.205932 1.138322 -0.206656 1.139286 -0.206701 1.139317 -0.236858 1.155738 -0.211102 1.144039 -0.204694 1.143227
9.018036 -0.310233 1.233872 -0.029150 1.083008 -0.028394 1.083236 -0.028525 1.083047 -0.092734 1.122475 -0.093366 1.123372 -0.093409 1.123398 -0.122155 1.137174 -0.097318 1.127612 -0.090994 1.127536
9.118236 -0.186599 1.196595 0.079192 1.086858 0.079976 1.086633 0.079825 1.086618 0.019392 1.117863 0.018845 1.118691 0.018805 1.118711 -0.008751 1.129190 0.015334 1.122368 0.021652 1.123189
9.218437 -0.066699 1.170258 0.188656 1.107201 0.189422 1.106756 0.189269 1.106839 0.131825 1.129287 0.131358 1.130050 0.131319 1.130064 0.104669 1.136730 0.128229 1.133153 0.134636 1.135001
9.318637 0.050561 1.159794 0.301081 1.146977 0.301809 1.146567 0.301663 1.146664 0.246349 1.160019 0.245956 1.160726 0.245918 1.160734 0.219835 1.163194 0.243147 1.163265 0.249756 1.166251
9.418838 0.166773 1.168225 0.418524 1.207508 0.419216 1.207401 0.419079 1.207423 0.364991 1.211647 0.364669 1.212307 0.364631 1.212309 0.338731 1.210283 0.362120 1.214310 0.369053 1.218523
9.519038 0.283830 1.196631 0.543088 1.288336 0.543776 1.288815 0.543639 1.288668 0.489850 1.283925 0.489595 1.284552 0.489558 1.284548 0.463419 1.277854 0.487249 1.286056 0.494639 1.291565
9.619238 0.403733 1.244173 0.676737 1.387045 0.677479 1.388404 0.677327 1.387989 0.622900 1.374623 0.622712 1.375228 0.622673 1.375218 0.595849 1.363767 0.620514 1.376274 0.628498 1.383125
9.719439 0.528399 1.308111 0.821089 1.499077 0.821973 1.501612 0.821778 1.500828 0.765787 1.479355 0.765664 1.479950 0.765624 1.479935 0.737646 1.463740 0.763564 1.480585 0.772284 1.488785
9.819639 0.659472 1.383829 0.977192 1.617589 0.978336 1.621582 0.978061 1.620332 0.919602 1.591462 0.919545 1.592058 0.919503 1.592037 0.889893 1.571237 0.917496 1.592333 0.927092 1.601841
9.919840 0.798133 1.464874 1.145291 1.733441 1.146843 1.739128 1.146441 1.737330 1.084658 1.702011 1.084665 1.702614 1.084620 1.702589 1.052902 1.677485 1.082622 1.702591 1.093231 1.713296
10.020040 0.944914 1.543067 1.324604 1.835396 1.326733 1.842930 1.326149 1.840525 1.260262 1.800000 1.260333 1.800614 1.260285 1.800585 1.226000 1.771692 1.258258 1.800368 1.270000 1.812076
10.120240 1.099529 1.608763 1.513126 1.910635 1.516017 1.920037 1.515190 1.917011 1.444536 1.872871 1.444672 1.873498 1.444621 1.873466 1.407346 1.841563 1.442529 1.873121 1.455505 1.885539
10.220441 1.260728 1.651317 1.707506 1.945650 1.711345 1.956763 1.710213 1.953160 1.634303 1.907388 1.634502 1.908024 1.634447 1.907991 1.593829 1.874164 1.632267 1.907628 1.646545 1.920356
10.320641 1.426191 1.659801 1.903036 1.927507 1.907990 1.939956 1.906497 1.935892 1.825071 1.890864 1.825334 1.891505 1.825276 1.891473 1.781062 1.857135 1.822993 1.891218 1.838596 1.903756
10.420842 1.592504 1.623986 2.093779 1.845394 2.099974 1.858579 2.098075 1.854244 2.011169 1.812676 2.011496 1.813314 2.011435 1.813284 1.963518 1.780161 2.009053 1.813272 2.025951 1.825043
10.521042 1.755228 1.535527 2.272862 1.692269 2.280360 1.705385 2.278033 1.701040 2.186030 1.665862 2.186423 1.666486 2.186360 1.666460 2.134815 1.636516 2.183902 1.666824 2.201998 1.677204
10.621242 1.909088 1.389215 2.432936 1.466343 2.441717 1.478444 2.438964 1.474399 2.342635 1.448553 2.343097 1.449152 2.343032 1.449132 2.288153 1.424446 2.340544 1.449983 2.359673 1.458356
10.721443 2.048288 1.184120 2.566769 1.172091 2.576716 1.182191 2.573572 1.178773 2.474079 1.164959 2.474610 1.165515 2.474544 1.165504 2.416868 1.148089 2.472094 1.166915 2.492021 1.172731
10.821643 2.166937 0.924392 2.667907 0.820522 2.678802 0.827722 2.675336 0.825233 2.574195 0.825622 2.574795 0.826119 2.574730 0.826118 2.515034 0.817713 2.572402 0.828104 2.592832 0.830944
10.921844 2.259562 0.619508 2.731317 0.428558 2.742858 0.432170 2.739166 0.430844 2.638171 0.446821 2.638839 0.447240 2.638774 0.447250 2.578053 0.449109 2.636663 0.449765 2.657255 0.449385
11.022044 2.321637 0.283826 2.753930 0.017500 2.765746 0.017158 2.761950 0.017125 2.663057 0.049103 2.663786 0.049428 2.663723 0.049450 2.603136 0.062167 2.661920 0.052385 2.682310 0.048753
11.122244 2.350076 -0.064596 2.734977 -0.389189 2.746670 -0.393474 2.742899 -0.392208 2.648089 -0.344848 2.648870 -0.344626 2.648809 -0.344594 2.589600 -0.321178 2.647392 -0.341393 2.667220 -0.348098
11.222445 2.343604 -0.405787 2.676087 -0.768462 2.687266 -0.776298 2.683648 -0.773854 2.594779 -0.712685 2.595599 -0.712571 2.595542 -0.712528 2.538951 -0.679321 2.594564 -0.709234 2.613497 -0.718647
11.322645 2.302944 -0.720014 2.581110 -1.100178 2.591429 -1.110857 2.588081 -1.107463 2.506760 -1.034798 2.507605 -1.034785 2.507551 -1.034735 2.454718 -0.993279 2.507036 -1.031511 2.524796 -1.043130
11.422846 2.230798 -0.989932 2.455716 -1.369103 2.464904 -1.381700 2.461915 -1.377658 2.389408 -1.296248 2.390263 -1.296322 2.390214 -1.296266 2.342097 -1.248538 2.390153 -1.293235 2.406530 -1.306487
11.523046 2.131606 -1.202394 2.306813 -1.566106 2.314695 -1.579622 2.312126 -1.575262 2.249309 -1.487948 2.250161 -1.488087 2.250117 -1.488026 2.207437 -1.436183 2.250475 -1.485254 2.265332 -1.499561
11.623246 2.011126 -1.349608 2.141907 -1.688459 2.148408 -1.701942 2.146284 -1.697579 2.093648 -1.606967 2.094486 -1.607144 2.094448 -1.607081 2.057662 -1.553203 2.095171 -1.604570 2.108446 -1.619405
11.723447 1.875895 -1.429488 1.968461 -1.739266 1.973597 -1.751918 1.971915 -1.747820 1.929612 -1.656025 1.930432 -1.656214 1.930400 -1.656151 1.899707 -1.602016 1.931429 -1.653844 1.943118 -1.668770
11.823647 1.732659 -1.445216 1.793359 -1.726269 1.797225 -1.737511 1.795955 -1.733874 1.763878 -1.642361 1.764680 -1.642536 1.764653 -1.642472 1.740035 -1.589411 1.765935 -1.640274 1.776082 -1.654961
11.923848 1.587848 -1.404175 1.622514 -1.660298 1.625259 -1.669793 1.624351 -1.666733 1.602235 -1.576251 1.603021 -1.576389 1.603001 -1.576326 1.584272 -1.525147 1.604493 -1.574118 1.613172 -1.588350
12.024048 1.447149 -1.316509 1.460640 -1.553675 1.462440 -1.561309 1.461837 -1.558868 1.449351 -1.469477 1.450129 -1.469557 1.450115 -1.469495 1.436992 -1.420492 1.451797 -1.467157 1.459093 -1.480813
12.124248 1.315235 -1.193608 1.311176 -1.418807 1.312219 -1.424646 1.311858 -1.422806 1.308701 -1.333954 1.309479 -1.333959 1.309472 -1.333898 1.301639 -1.286911 1.311343 -1.331318 1.317343 -1.344362
12.224449 1.195635 -1.046771 1.176344 -1.267120 1.176809 -1.271355 1.176630 -1.270057 1.182603 -1.180697 1.183392 -1.180611 1.183392 -1.180550 1.180553 -1.135060 1.185471 -1.177630 1.190251 -1.190095
12.324649 1.090748 -0.886206 1.057293 -1.108397 1.057336 -1.111288 1.057286 -1.110449 1.072345 -1.019166 1.073158 -1.018973 1.073164 -1.018911 1.075094 -0.974151 1.075490 -1.015570 1.079112 -1.027537
12.424850 1.001950 -0.720447 0.954281 -0.950487 0.954035 -0.952314 0.954068 -0.951843 0.978359 -0.856987 0.979209 -0.856672 0.979221 -0.856607 0.985790 -0.811665 0.981846 -0.852776 0.984352 -0.864365
12.525050 0.929760 -0.556166 0.866881 -0.799324 0.866449 -0.800352 0.866530 -0.800165 0.900406 -0.699979 0.901306 -0.699527 0.901325 -0.699459 0.912515 -0.653373 0.904310 -0.695075 0.905726 -0.706432
12.625251 0.874032 -0.398299 0.794162 -0.659155 0.793624 -0.659611 0.793725 -0.659634 0.837744 -0.552395 0.838708 -0.551792 0.838733 -0.551719 0.854642 -0.503559 0.842149 -0.546730 0.842479 -0.558015
12.725451 0.834123 -0.250386 0.734848 -0.532872 0.734260 -0.532939 0.734359 -0.533112 0.789267 -0.417276 0.790310 -0.416511 0.790343 -0.416433 0.811173 -0.365377 0.794263 -0.410794 0.793494 -0.422169
12.825651 0.809034 -0.115012 0.687429 -0.422383 0.686829 -0.422196 0.686912 -0.422477 0.753612 -0.296840 0.754748 -0.295908 0.754789 -0.295824 0.780832 -0.241229 0.759289 -0.289505 0.757396 -0.301121
12.925852 0.797510 0.005747 0.650247 -0.328934 0.649661 -0.328590 0.649716 -0.328947 0.729216 -0.192831 0.730461 -0.191732 0.730511 -0.191641 0.762122 -0.133115 0.735665 -0.184636 0.732609 -0.196616
13.026052 0.798085 0.109950 0.621544 -0.253359 0.620989 -0.252928 0.621009 -0.253336 0.714358 -0.106773 0.715725 -0.105518 0.715784 -0.105420 0.753347 -0.042890 0.721666 -0.097754 0.717399 -0.110176
13.126253 0.809102 0.195526 0.599497 -0.196218 0.598982 -0.195755 0.598960 -0.196195 0.707164 -0.040109 0.708667 -0.038717 0.708736 -0.038614 0.752626 0.027605 0.715409 -0.030356 0.709882 -0.043239
13.226453 0.828694 0.260175 0.582235 -0.157835 0.581765 -0.157388 0.581699 -0.157840 0.705622 0.005802 0.707272 0.007299 0.707352 0.007407 0.757888 0.076564 0.714869 0.016134 0.708037 0.002846
13.326653 0.854764 0.301430 0.567872 -0.138225 0.567446 -0.137850 0.567334 -0.138290 0.707593 0.029817 0.709396 0.031374 0.709487 0.031486 0.766888 0.102368 0.717886 0.040501 0.709716 0.026948
13.426854 0.884967 0.316875 0.554536 -0.136962 0.554147 -0.136722 0.553991 -0.137121 0.710842 0.031242 0.712802 0.032806 0.712904 0.032918 0.777242 0.103861 0.722199 0.041981 0.712676 0.028389
13.527054 0.916718 0.304516 0.540425 -0.153013 0.540059 -0.152977 0.539864 -0.153302 0.713100 0.010129 0.715214 0.011635 0.715327 0.011744 0.786486 0.080695 0.725507 0.020561 0.714645 0.007237
13.627255 0.947231 0.263228 0.523873 -0.184588 0.523512 -0.184828 0.523285 -0.185043 0.712153 -0.032442 0.714412 -0.031064 0.714537 -0.030962 0.792182 0.033663 0.725561 -0.022727 0.713405 -0.035409
13.727455 0.973606 0.193218 0.503438 -0.229071 0.503054 -0.229647 0.502806 -0.229720 0.705955 -0.094157 0.708345 -0.092979 0.708479 -0.092889 0.792042 -0.035043 0.720275 -0.085590 0.706909 -0.097215
13.827655 0.992967 0.096420 0.477977 -0.283059 0.477538 -0.284008 0.477283 -0.283914 0.692758 -0.171409 0.695256 -0.170500 0.695399 -0.170424 0.784079 -0.121738 0.707860 -0.164411 0.693408 -0.174556
13.927856 1.002628 -0.023284 0.446727 -0.342546 0.446196 -0.343869 0.445953 -0.343596 0.671235 -0.259433 0.673813 -0.258851 0.673963 -0.258794 0.766750 -0.221367 0.686953 -0.254380 0.671577 -0.262651
14.028056 1.000295 -0.160100 0.409350 -0.403234 0.408689 -0.404886 0.408475 -0.404440 0.640583 -0.352648 0.643207 -0.352436 0.643361 -0.352401 0.739074 -0.327855 0.656716 -0.349835 0.640613 -0.355905
14.128257 0.984253 -0.306641 0.365941 -0.460940 0.365120 -0.462830 0.364952 -0.462237 0.600577 -0.445166 0.603208 -0.445347 0.603364 -0.445334 0.700707 -0.434655 0.616900 -0.444773 0.600293 -0.448420
14.228457 0.953528 -0.454550 0.317000 -0.512040 0.315995 -0.514037 0.315888 -0.513337 0.551571 -0.531399 0.554170 -0.531974 0.554326 -0.531984 0.651954 -0.535419 0.567848 -0.533475 0.550976 -0.534607
14.328657 0.907981 -0.595325 0.263349 -0.553864 0.262151 -0.555812 0.262115 -0.555061 0.494441 -0.606673 0.496969 -0.607619 0.497123 -0.607651 0.593709 -0.624683 0.510431 -0.611122 0.493538 -0.609790
14.428858 0.848330 -0.721250 0.206021 -0.584990 0.204637 -0.586728 0.204677 -0.585986 0.430462 -0.667726 0.432882 -0.669002 0.433031 -0.669053 0.527339 -0.698448 0.445937 -0.674321 0.429258 -0.670717
14.529058 0.776060 -0.826259 0.146128 -0.605371 0.144578 -0.606755 0.144691 -0.606079 0.361150 -0.713034 0.363431 -0.714580 0.363574 -0.714649 0.454511 -0.754569 0.375908 -0.721432 0.359655 -0.715877
14.629259 0.693269 -0.906602 0.084711 -0.616299 0.083031 -0.617218 0.083211 -0.616657 0.288084 -0.742898 0.290200 -0.744647 0.290336 -0.744728 0.377002 -0.792900 0.301954 -0.752681 0.286307 -0.745590
14.729459 0.602427 -0.961180 0.022624 -0.620212 0.020858 -0.620601 0.021094 -0.620191 0.212722 -0.759310 0.214657 -0.761191 0.214784 -0.761280 0.296501 -0.815185 0.225578 -0.770020 0.210676 -0.761871
14.829659 0.506116 -0.991524 -0.039579 -0.620395 -0.041379 -0.620240 -0.041103 -0.619998 0.136255 -0.765639 0.137997 -0.767584 0.138115 -0.767678 0.214441 -0.824746 0.148014 -0.776824 0.133948 -0.768113
14.929860 0.406765 -1.001443 -0.101704 -0.620635 -0.103487 -0.619973 -0.103186 -0.619899 0.059481 -0.766203 0.061027 -0.768154 0.061136 -0.768249 0.131859 -0.826036 0.070106 -0.777449 0.056920 -0.768656
15.030060 0.306420 -0.996416 -0.163955 -0.624888 -0.165673 -0.623792 -0.165364 -0.623871 -0.017261 -0.765808 -0.015908 -0.767719 -0.015809 -0.767810 0.049318 -0.824137 -0.007767 -0.776769 -0.020077 -0.768326
15.130261 0.206579 -0.982865 -0.226932 -0.636977 -0.228544 -0.635552 -0.228243 -0.635759 -0.094119 -0.769322 -0.092954 -0.771159 -0.092864 -0.771245 -0.033138 -0.824286 -0.085720 -0.779733 -0.097200 -0.772008
15.230461 0.108095 -0.967430 -0.291607 -0.660374 -0.293082 -0.658743 -0.292800 -0.659042 -0.171717 -0.781311 -0.170732 -0.783056 -0.170650 -0.783135 -0.115973 -0.831463 -0.164353 -0.790993 -0.175084 -0.784282
15.330661 0.011158 -0.956337 -0.359276 -0.698024 -0.360595 -0.696324 -0.360342 -0.696674 -0.251111 -0.805771 -0.250296 -0.807418 -0.250222 -0.807488 -0.200118 -0.850073 -0.244704 -0.814624 -0.254796 -0.809148
15.430862 -0.084667 -0.954922 -0.431501 -0.752212 -0.432658 -0.750592 -0.432439 -0.750945 -0.333717 -0.845915 -0.333064 -0.847470 -0.332996 -0.847530 -0.286905 -0.883706 -0.328183 -0.853910 -0.337768 -0.849827
15.531062 -0.180351 -0.967312 -0.510037 -0.824440 -0.511040 -0.823060 -0.510854 -0.823364 -0.421229 -0.904011 -0.420731 -0.905487 -0.420668 -0.905537 -0.377972 -0.934948 -0.416482 -0.911171 -0.425707 -0.908586
15.631263 -0.277276 -0.996243 -0.596745 -0.915265 -0.597618 -0.914303 -0.597461 -0.914499 -0.515514 -0.981216 -0.515165 -0.982633 -0.515107 -0.982674 -0.475159 -1.005206 -0.511472 -0.987603 -0.520492 -0.986579
15.731463 -0.377100 -1.042952 -0.693491 -1.024104 -0.694275 -1.023758 -0.694137 -1.023779 -0.618491 -1.077384 -0.618287 -1.078768 -0.618233 -1.078798 -0.580377 -1.094525 -0.615080 -1.083086 -0.624055 -1.083651
15.831663 -0.481604 -1.107121 -0.802019 -1.148969 -0.802775 -1.149466 -0.802638 -1.149233 -0.731990 -1.190837 -0.731931 -1.192212 -0.731879 -1.192234 -0.695466 -1.201362 -0.729144 -1.195953 -0.738237 -1.198106
15.931864 -0.592538 -1.186806 -0.923794 -1.286184 -0.924607 -1.287772 -0.924445 -1.287201 -0.857586 -1.318102 -0.857672 -1.319492 -0.857622 -1.319506 -0.822017 -1.322349 -0.855248 -1.322735 -0.864620 -1.326446
16.032064 -0.711456 -1.278373 -1.059823 -1.430104 -1.060800 -1.433039 -1.060580 -1.432041 -0.996404 -1.453659 -0.996639 -1.455085 -0.996589 -1.455093 -0.961180 -1.452058 -0.994526 -1.457914 -1.004334 -1.463111
16.132265 -0.839550 -1.376428 -1.210438 -1.572917 -1.211716 -1.577444 -1.211394 -1.575933 -1.148908 -1.589776 -1.149295 -1.591254 -1.149245 -1.591256 -1.113450 -1.582857 -1.147448 -1.593752 -1.157842 -1.600315
16.232465 -0.977468 -1.473814 -1.375079 -1.704635 -1.376819 -1.710948 -1.376343 -1.708854 -1.314674 -1.716510 -1.315217 -1.718046 -1.315167 -1.718043 -1.278441 -1.704928 -1.313597 -1.720299 -1.324712 -1.728048
16.332665 -1.125145 -1.561717 -1.552080 -1.813354 -1.554460 -1.821554 -1.553772 -1.818835 -1.492181 -1.821984 -1.492884 -1.823574 -1.492834 -1.823568 -1.454680 -1.806557 -1.491456 -1.825672 -1.503412 -1.834349
16.432866 -1.281630 -1.629972 -1.738496 -1.885892 -1.741704 -1.895929 -1.740743 -1.892595 -1.678647 -1.893021 -1.679513 -1.894653 -1.679461 -1.894645 -1.639450 -1.874775 -1.678248 -1.896689 -1.691135 -1.905955
16.533066 -1.444953 -1.667614 -1.930021 -1.908822 -1.934240 -1.920454 -1.932943 -1.916577 -1.869942 -1.916183 -1.870973 -1.917835 -1.870921 -1.917825 -1.828711 -1.896382 -1.869853 -1.919908 -1.883725 -1.929334
16.633267 -1.612049 -1.663716 -2.121025 -1.869885 -2.126409 -1.882646 -2.124723 -1.878374 -2.060638 -1.879168 -2.061833 -1.880807 -2.061780 -1.880799 -2.017152 -1.859320 -2.060849 -1.883014 -2.075716 -1.892099
16.733467 -1.778754 -1.608493 -2.304748 -1.759638 -2.311401 -1.772836 -2.309291 -1.768393 -2.244193 -1.772441 -2.245552 -1.774028 -2.245499 -1.774021 -2.198387 -1.754271 -2.244709 -1.776459 -2.260524 -1.784648
16.833667 -1.939926 -1.494577 -2.473669 -1.573117 -2.481624 -1.585872 -2.479075 -1.581546 -2.413323 -1.590878 -2.414840 -1.592365 -2.414787 -1.592363 -2.365316 -1.576251 -2.414159 -1.595091 -2.430815 -1.601817
16.933868 -2.089683 -1.318306 -2.620035 -1.311210 -2.629232 -1.322535 -2.626261 -1.318654 -2.560506 -1.335122 -2.562173 -1.336461 -2.562121 -1.336465 -2.510633 -1.325914 -2.561695 -1.339520 -2.579019 -1.344250
17.034068 -2.221778 -1.080816 -2.736501 -0.981447 -2.746780 -0.990358 -2.743437 -0.987253 -2.678611 -1.012363 -2.680418 -1.013505 -2.680367 -1.013516 -2.627431 -1.010287 -2.680195 -1.016889 -2.697955 -1.019181
17.134269 -2.330076 -0.788691 -2.816816 -0.597929 -2.827920 -0.603584 -2.824288 -0.601540 -2.761560 -0.636283 -2.763489 -0.637183 -2.763440 -0.637203 -2.709848 -0.642702 -2.763584 -0.640829 -2.781497 -0.640384
17.234469 -2.409103 -0.453969 -2.856456 -0.180324 -2.868047 -0.182142 -2.864236 -0.181361 -2.804933 -0.226079 -2.806963 -0.226701 -2.806916 -0.226730 -2.753647 -0.241827 -2.807440 -0.230495 -2.825189 -0.227192
17.334669 -2.454591 -0.093394 -2.853105 0.248024 -2.864791 0.250268 -2.860931 0.249700 -2.806439 0.195374 -2.808542 0.195052 -2.808498 0.195015 -2.756657 0.170113 -2.809454 0.191267 -2.826713 0.197353
17.434870 -2.463949 0.273075 -2.806912 0.662591 -2.818286 0.668724 -2.814511 0.666856 -2.766161 0.603953 -2.768306 0.603937 -2.768266 0.603891 -2.719006 0.569691 -2.769687 0.600331 -2.786145 0.608944
17.535070 -2.436587 0.624310 -2.720474 1.040367 -2.731152 1.049844 -2.727592 1.046849 -2.686554 0.976922 -2.688708 0.977197 -2.688673 0.977145 -2.643105 0.934806 -2.690564 0.973931 -2.705946 0.984667
17.635271 -2.374031 0.940319 -2.598552 1.362301 -2.608211 1.374289 -2.604974 1.370438 -2.572176 1.295333 -2.574307 1.295863 -2.574276 1.295806 -2.533385 1.246991 -2.576615 1.293052 -2.590705 1.305419
17.735471 -2.279810 1.204418 -2.447566 1.615098 -2.455970 1.628596 -2.453137 1.624220 -2.429218 1.545797 -2.431297 1.546534 -2.431271 1.546474 -2.395844 1.493118 -2.434006 1.544226 -2.446653 1.557707
17.835671 -2.159127 1.404909 -2.274949 1.792113 -2.281963 1.806094 -2.279581 1.801537 -2.264889 1.721407 -2.266892 1.722291 -2.266872 1.722228 -2.237459 1.666285 -2.269933 1.720459 -2.281057 1.734570
17.935872 -2.018355 1.536009 -2.088458 1.893306 -2.094050 1.906841 -2.092132 1.902414 -2.086761 1.821722 -2.088674 1.822688 -2.088660 1.822625 -2.065565 1.765825 -2.091971 1.821233 -2.101551 1.835569
18.036072 -1.864446 1.597900 -1.895540 1.924358 -1.899767 1.936714 -1.898295 1.932667 -1.902159 1.851949 -1.903974 1.852934 -1.903965 1.852871 -1.887272 1.796534 -1.907457 1.851703 -1.915519 1.865964
18.136273 -1.704336 1.595999 -1.702815 1.895244 -1.705805 1.905930 -1.704738 1.902433 -1.717658 1.821567 -1.719374 1.822515 -1.719372 1.822452 -1.708989 1.767374 -1.722990 1.821320 -1.729592 1.835317
18.236473 -1.544416 1.539649 -1.515732 1.818541 -1.517655 1.827317 -1.516937 1.824458 -1.538736 1.742687 -1.540363 1.743549 -1.540367 1.743486 -1.536096 1.689914 -1.544081 1.742197 -1.549294 1.755844
18.336673 -1.390143 1.440522 -1.338387 1.707798 -1.339438 1.714645 -1.339004 1.712436 -1.369598 1.628450 -1.371147 1.629186 -1.371158 1.629121 -1.372760 1.576788 -1.374966 1.627494 -1.378859 1.640792
18.436874 -1.245802 1.311047 -1.173510 1.576157 -1.173880 1.581226 -1.173665 1.579623 -1.213135 1.491664 -1.214624 1.492243 -1.214642 1.492177 -1.221903 1.440389 -1.218570 1.490051 -1.221198 1.503069
18.537074 -1.114434 1.163091 -1.022561 1.435362 -1.022425 1.438917 -1.022370 1.437839 -1.071019 1.343825 -1.072467 1.344222 -1.072492 1.344152 -1.085279 1.291901 -1.076590 1.341394 -1.077990 1.354255
18.637275 -0.997892 1.007028 -0.885912 1.295175 -0.885418 1.297538 -0.885471 1.296881 -0.943859 1.194530 -0.945288 1.194724 -0.945319 1.194649 -0.963616 1.140724 -0.949659 1.191146 -0.949844 1.204010
18.737475 -0.896988 0.851250 -0.763063 1.163142 -0.762329 1.164647 -0.762448 1.164305 -0.831410 1.051254 -0.832841 1.051229 -0.832880 1.051148 -0.856813 0.994247 -0.837548 1.046808 -0.836505 1.059859
18.837675 -0.811692 0.702055 -0.652875 1.044633 -0.651983 1.045597 -0.652138 1.045467 -0.732782 0.919409 -0.734237 0.919153 -0.734285 0.919064 -0.764130 0.857893 -0.739381 0.913807 -0.737072 0.927246
18.937876 -0.741346 0.563827 -0.553772 0.943035 -0.552777 0.943741 -0.552945 0.943733 -0.646637 0.802569 -0.648139 0.802072 -0.648197 0.801974 -0.684378 0.735342 -0.653827 0.795735 -0.650193 0.809765
19.038076 -0.684850 0.439395 -0.463937 0.860030 -0.462862 0.860721 -0.463033 0.860755 -0.571359 0.702781 -0.572930 0.702040 -0.572999 0.701931 -0.616070 0.628844 -0.579276 0.694663 -0.574236 0.709469
19.138277 -0.640822 0.330450 -0.381459 0.795864 -0.380306 0.796741 -0.380475 0.796752 -0.505187 0.620879 -0.506851 0.619898 -0.506931 0.619778 -0.557547 0.539540 -0.513970 0.611458 -0.507428 0.627192
19.238477 -0.607711 0.237949 -0.304471 0.749591 -0.303223 0.750816 -0.303392 0.750748 -0.446329 0.556760 -0.448107 0.555551 -0.448200 0.555419 -0.507078 0.467747 -0.456113 0.546066 -0.447960 0.562822
19.338677 -0.583869 0.162449 -0.231257 0.719261 -0.229878 0.720959 -0.230055 0.720768 -0.393039 0.509589 -0.394951 0.508174 -0.395057 0.508030 -0.462927 0.413160 -0.403950 0.497715 -0.394077 0.515505
19.438878 -0.567591 0.104321 -0.160340 0.702075 -0.158784 0.704334 -0.158981 0.703986 -0.343684 0.477935 -0.345749 0.476350 -0.345870 0.476197 -0.423414 0.374994 -0.355837 0.465058 -0.344138 0.483789
19.539078 -0.557138 0.063857 -0.090565 0.694534 -0.088777 0.697398 -0.089009 0.696869 -0.296804 0.459862 -0.299034 0.458157 -0.299171 0.457996 -0.386953 0.352034 -0.310288 0.446253 -0.296675 0.465707
19.639279 -0.550740 0.041252 -0.021156 0.692606 -0.019078 0.696069 -0.019363 0.695350 -0.251152 0.452989 -0.253557 0.451225 -0.253710 0.451061 -0.352103 0.342661 -0.266025 0.439018 -0.250439 0.458843
19.739479 -0.546606 0.036497 0.048234 0.691954 0.050660 0.695953 0.050303 0.695051 -0.205743 0.454552 -0.208324 0.452807 -0.208493 0.452644 -0.317604 0.344841 -0.222020 0.440686 -0.204444 0.460400
19.839679 -0.542949 0.049206 0.117512 0.688230 0.120336 0.692636 0.119888 0.691577 -0.159879 0.461511 -0.162631 0.459869 -0.162817 0.459713 -0.282419 0.356145 -0.177527 0.448296 -0.158000 0.467299
19.939880 -0.538019 0.078419 0.186156 0.677442 0.189414 0.682063 0.188862 0.680893 -0.113181 0.470700 -0.116088 0.469251 -0.116289 0.469108 -0.245776 0.373812 -0.132107 0.458732 -0.110731 0.476346
20.040080 -0.530161 0.122431 0.253273 0.656348 0.256981 0.660937 0.256313 0.659720 -0.065579 0.479038 -0.068619 0.477872 -0.068833 0.477748 -0.207190 0.394871 -0.085632 0.468921 -0.062578 0.484434
20.140281 -0.517894 0.178695 0.317693 0.622841 0.321841 0.627113 0.321055 0.625928 -0.017301 0.483784 -0.020440 0.482981 -0.020666 0.482883 -0.166475 0.416343 -0.038269 0.476078 -0.013779 0.488809
20.240481 -0.499988 0.243846 0.378099 0.576244 0.382649 0.579903 0.381749 0.578836 0.031180 0.482796 0.027981 0.482420 0.027747 0.482352 -0.123734 0.435474 0.009561 0.477967 0.035180 0.487329
20.340681 -0.475555 0.313863 0.433186 0.517459 0.438071 0.520235 0.437071 0.519366 0.079215 0.474764 0.076002 0.474856 0.075763 0.474823 -0.079322 0.450005 0.057253 0.473131 0.083640 0.478695
20.440882 -0.444106 0.384374 0.481818 0.448927 0.486945 0.450605 0.485865 0.450004 0.126075 0.459361 0.122895 0.459937 0.122655 0.459940 -0.033782 0.458401 0.104099 0.461068 0.130861 0.462609
20.541082 -0.405591 0.451063 0.523176 0.374386 0.528432 0.374838 0.527300 0.374550 0.171046 0.437294 0.167949 0.438341 0.167711 0.438379 0.012237 0.460022 0.149396 0.442287 0.176126 0.439813
20.641283 -0.360395 0.510137 0.556872 0.298467 0.562135 0.297662 0.560982 0.297706 0.213538 0.410225 0.210569 0.411704 0.210337 0.411775 0.058070 0.455191 0.192538 0.418264 0.218839 0.412013
20.741483 -0.309279 0.558755 0.583015 0.226181 0.588162 0.224193 0.587021 0.224556 0.253166 0.380588 0.250366 0.382438 0.250142 0.382538 0.103137 0.445152 0.233108 0.391270 0.258618 0.381690
20.841683 -0.253291 0.595360 0.602221 0.162404 0.607138 0.159396 0.606041 0.160040 0.289818 0.351329 0.287220 0.353473 0.287007 0.353598 0.147020 0.431932 0.270948 0.364132 0.295355 0.351833
20.941884 -0.193636 0.619846 0.615577 0.111428 0.620169 0.107624 0.619142 0.108492 0.323689 0.325613 0.321318 0.327968 0.321119 0.328110 0.189537 0.418121 0.306195 0.339951 0.329257 0.325646
21.042084 -0.131527 0.633539 0.624561 0.076650 0.628756 0.072310 0.627819 0.073331 0.355293 0.306552 0.353165 0.309036 0.352981 0.309189 0.230782 0.406629 0.339302 0.321831 0.360850 0.306267
21.142285 -0.068046 0.639000 0.630942 0.060434 0.634693 0.055816 0.633861 0.056922 0.385440 0.296990 0.383565 0.299528 0.383396 0.299686 0.271142 0.400445 0.371021 0.312654 0.390961 0.296559
21.242485 -0.004018 0.639700 0.636673 0.064132 0.639960 0.059472 0.639238 0.060597 0.415209 0.299367 0.413588 0.301897 0.413435 0.302054 0.311297 0.402440 0.402375 0.314939 0.420687 0.298968
21.342685 0.060080 0.639612 0.643794 0.088232 0.646617 0.083726 0.646008 0.084815 0.445899 0.315662 0.444529 0.318139 0.444391 0.318291 0.352202 0.415218 0.434619 0.330765 0.451345 0.315472
21.442886 0.124170 0.642819 0.654357 0.132577 0.656736 0.128373 0.656234 0.129386 0.478984 0.347404 0.477859 0.349798 0.477736 0.349941 0.395050 0.441035 0.469197 0.361772 0.484427 0.347590
21.543086 0.188580 0.653155 0.670370 0.196584 0.672338 0.192791 0.671935 0.193697 0.516070 0.395700 0.515182 0.398001 0.515072 0.398133 0.441242 0.481742 0.507691 0.409176 0.521558 0.396421
21.643287 0.254027 0.673929 0.693767 0.279427 0.695366 0.276120 0.695052 0.276896 0.558856 0.461280 0.558196 0.463491 0.558099 0.463610 0.492342 0.538754 0.551792 0.473802 0.564450 0.462680
21.743487 0.321555 0.707735 0.726392 0.380110 0.727670 0.377353 0.727431 0.377978 0.609093 0.544479 0.608655 0.546618 0.608570 0.546724 0.550031 0.612997 0.603249 0.556067 0.614871 0.546693
21.843687 0.392470 0.756313 0.769977 0.497444 0.770988 0.495303 0.770811 0.495754 0.668545 0.645168 0.668324 0.647262 0.668249 0.647356 0.616057 0.704810 0.663832 0.655905 0.674596 0.648317
21.943888 0.468253 0.820450 0.826125 0.629889 0.826930 0.628449 0.826796 0.628696 0.738932 0.762589 0.738928 0.764673 0.738861 0.764756 0.692164 0.813777 0.735272 0.772600 0.745358 0.766782
22.044088 0.550462 0.899878 0.896260 0.775292 0.896928 0.774670 0.896818 0.774671 0.821858 0.895110 0.822072 0.897223 0.822013 0.897295 0.780006 0.938493 0.819188 0.904546 0.828770 0.900440
22.144289 0.640630 0.993150 0.981554 0.930543 0.982165 0.930890 0.982054 0.930590 0.918707 1.039907 0.919145 1.042085 0.919092 1.042149 0.881034 1.076267 0.916978 1.048928 0.926223 1.046443
22.244489 0.740144 1.097495 1.082804 1.091196 1.083455 1.092698 1.083313 1.092031 1.030505 1.192619 1.031175 1.194896 1.031128 1.194952 0.996350 1.222800 1.029681 1.201382 1.038747 1.200397
22.344689 0.850114 1.208663 1.200290 1.251139 1.201097 1.253995 1.200887 1.252890 1.157751 1.347041 1.158664 1.349441 1.158622 1.349491 1.126527 1.371902 1.157809 1.355686 1.166841 1.356054
22.444890 0.971222 1.320798 1.333587 1.402374 1.334685 1.406773 1.334363 1.405161 1.300222 1.494932 1.301389 1.497468 1.301352 1.497514 1.271410 1.515326 1.301147 1.503576 1.310277 1.505114
22.545090 1.103567 1.426403 1.481370 1.535030 1.482915 1.541110 1.482430 1.538941 1.456767 1.626055 1.458200 1.628723 1.458167 1.628766 1.429913 1.642819 1.458551 1.634780 1.467893 1.637266
22.645291 1.246493 1.516468 1.641238 1.637686 1.643398 1.645488 1.642694 1.642741 1.625121 1.728517 1.626830 1.731298 1.626801 1.731339 1.599831 1.742492 1.627759 1.737371 1.637405 1.740538
22.745491 1.398444 1.580818 1.809580 1.698078 1.812527 1.707494 1.811546 1.704200 1.801774 1.789513 1.803767 1.792367 1.803742 1.792407 1.777713 1.801556 1.805260 1.798500 1.815278 1.802032
22.845691 1.556842 1.608747 1.981538 1.704190 1.985432 1.714925 1.984120 1.711178 1.981932 1.796451 1.984212 1.799320 1.984191 1.799360 1.958829 1.807462 1.986259 1.805533 1.996684 1.809069
22.945892 1.718039 1.589940 2.151100 1.645682 2.156067 1.657231 2.154380 1.653195 2.159610 1.738421 2.162175 1.741232 2.162158 1.741272 2.137270 1.749351 2.164767 1.747515 2.175597 1.750661
23.046092 1.877352 1.515640 2.311337 1.515466 2.317451 1.527126 2.315363 1.523036 2.327880 1.607822 2.330722 1.610486 2.330710 1.610527 2.306202 1.619664 2.333856 1.616800 2.345044 1.619149
23.146293 2.029220 1.379942 2.454817 1.311209 2.462077 1.322128 2.459587 1.318270 2.479286 1.401899 2.482389 1.404322 2.482382 1.404364 2.458281 1.415651 2.486064 1.410593 2.497518 1.411757
23.246493 2.167491 1.181034 2.574145 1.036450 2.582464 1.045710 2.579599 1.042395 2.606389 1.123906 2.609729 1.125993 2.609727 1.126036 2.586197 1.140502 2.613946 1.132108 2.625529 1.131755
23.346693 2.285831 0.922153 2.662595 0.701060 2.671791 0.707794 2.668612 0.705318 2.702400 0.783587 2.705945 0.785249 2.705947 0.785293 2.683299 0.803802 2.710706 0.791059 2.722238 0.788950
23.446894 2.378231 0.612029 2.714743 0.320840 2.724552 0.324354 2.721146 0.322960 2.761823 0.396796 2.765531 0.397958 2.765538 0.398003 2.744219 0.421145 2.770833 0.403286 2.782106 0.399307
23.547094 2.439556 0.264629 2.727024 -0.083771 2.737113 -0.083888 2.733592 -0.084053 2.781006 -0.015801 2.784828 -0.015188 2.784840 -0.015142 2.765413 0.012852 2.790658 -0.010534 2.801446 -0.016356
23.647295 2.466072 -0.101865 2.698105 -0.489750 2.708106 -0.493558 2.704595 -0.492464 2.758526 -0.430786 2.762406 -0.430742 2.762423 -0.430697 2.745521 -0.398053 2.768732 -0.426944 2.778816 -0.434447
23.747495 2.455865 -0.466771 2.629030 -0.873990 2.638575 -0.881182 2.635200 -0.878923 2.695339 -0.824522 2.699220 -0.825034 2.699241 -0.824989 2.685513 -0.788312 2.705988 -0.822235 2.715169 -0.831140
23.847695 2.409095 -0.809088 2.523096 -1.215835 2.531855 -1.225780 2.528729 -1.222561 2.594674 -1.175719 2.598498 -1.176741 2.598522 -1.176698 2.588570 -1.136934 2.605630 -1.175017 2.613748 -1.184977
23.947896 2.328024 -1.109801 2.385490 -1.499209 2.393197 -1.511050 2.390414 -1.507157 2.461677 -1.467629 2.465393 -1.469084 2.465420 -1.469043 2.459743 -1.427326 2.472790 -1.468424 2.479736 -1.479070
24.048096 2.216821 -1.353925 2.222736 -1.714035 2.229217 -1.726811 2.226838 -1.722568 2.302883 -1.689512 2.306445 -1.691301 2.306476 -1.691262 2.305435 -1.648732 2.313998 -1.691599 2.319715 -1.702592
24.148297 2.081157 -1.531946 2.042047 -1.856742 2.047221 -1.869518 2.045277 -1.865244 2.125571 -1.837202 2.128946 -1.839216 2.128980 -1.839179 2.132779 -1.796796 2.136542 -1.840274 2.141022 -1.851345
24.248497 1.927656 -1.640437 1.850667 -1.929890 1.854548 -1.941868 1.853037 -1.937838 1.937116 -1.912785 1.940284 -1.914912 1.940321 -1.914877 1.949022 -1.873268 1.947825 -1.916464 1.951096 -1.927440
24.348697 1.763283 -1.681820 1.655301 -1.941093 1.657977 -1.951683 1.656871 -1.948104 1.744417 -1.923538 1.747370 -1.925674 1.747410 -1.925639 1.760960 -1.885002 1.754780 -1.927415 1.756892 -1.938220
24.448898 1.594764 -1.663386 1.461670 -1.901501 1.463286 -1.910354 1.462538 -1.907355 1.553440 -1.880427 1.556182 -1.882482 1.556226 -1.882446 1.574514 -1.842514 1.563419 -1.884099 1.564429 -1.894751
24.549098 1.428093 -1.595833 1.274240 -1.824166 1.274973 -1.831165 1.274525 -1.828795 1.368942 -1.796448 1.371487 -1.798347 1.371534 -1.798309 1.394444 -1.758378 1.378544 -1.799548 1.378501 -1.810137
24.649299 1.268189 -1.491625 1.096117 -1.722524 1.096151 -1.727747 1.095938 -1.725989 1.194339 -1.685082 1.196707 -1.686770 1.196759 -1.686726 1.224230 -1.645730 1.203617 -1.687299 1.202551 -1.697969
24.749499 1.118728 -1.363461 0.929069 -1.609182 0.928580 -1.612851 0.928542 -1.611640 1.031727 -1.559052 1.033945 -1.560486 1.034002 -1.560436 1.066076 -1.517039 1.040772 -1.560133 1.038687 -1.571067
24.849699 0.982109 -1.223052 0.773670 -1.495084 0.772810 -1.497509 0.772894 -1.496749 0.882006 -1.429455 0.884102 -1.430607 0.884164 -1.430548 0.921024 -1.383248 0.890939 -1.429206 0.887809 -1.440608
24.949900 0.859558 -1.080320 0.629495 -1.389037 0.628386 -1.390570 0.628547 -1.390149 0.745062 -1.305284 0.747067 -1.306135 0.747136 -1.306065 0.789130 -1.253294 0.754031 -1.303555 0.749800 -1.315646
25.050100 0.751310 -0.943014 0.495351 -1.297535 0.494079 -1.298536 0.494283 -1.298338 0.619999 -1.193259 0.621943 -1.193800 0.622020 -1.193718 0.669669 -1.133929 0.629167 -1.189940 0.623748 -1.202948
25.150301 0.656819 -0.816677 0.369511 -1.224789 0.368128 -1.225602 0.368353 -1.225517 0.505356 -1.097896 0.507270 -1.098124 0.507355 -1.098027 0.561354 -1.029784 0.514896 -1.092906 0.508178 -1.107052
25.250501 0.574988 -0.704859 0.249938 -1.172863 0.248462 -1.173803 0.248698 -1.173728 0.399324 -1.021684 0.401236 -1.021602 0.401333 -1.021490 0.462530 -0.943559 0.409417 -1.014971 0.401263 -1.030462
25.350701 0.504361 -0.609460 0.134494 -1.141843 0.132912 -1.143195 0.133157 -1.143036 0.299934 -0.965325 0.301875 -0.964942 0.301983 -0.964814 0.371358 -0.876271 0.310764 -0.956871 0.301019 -0.973878
25.450902 0.443293 -0.531109 0.021128 -1.130001 0.019398 -1.132012 0.019661 -1.131685 0.205228 -0.927948 0.207225 -0.927284 0.207347 -0.927138 0.285969 -0.827490 0.216977 -0.917785 0.205472 -0.936419
25.551102 0.390076 -0.469507 -0.091951 -1.133940 -0.093895 -1.136818 -0.093598 -1.136252 0.113406 -0.907314 0.115485 -0.906393 0.115623 -0.906230 0.204595 -0.795555 0.126248 -0.895533 0.112808 -0.915818
25.651303 0.343031 -0.423705 -0.206114 -1.148751 -0.208357 -1.152653 -0.208001 -1.151789 0.022954 -0.899975 0.025137 -0.898835 0.025292 -0.898657 0.125690 -0.777753 0.037049 -0.886755 0.021504 -0.908595
25.751503 0.300575 -0.392292 -0.322165 -1.168222 -0.324810 -1.173239 -0.324365 -1.172036 -0.067246 -0.901464 -0.064940 -0.900152 -0.064766 -0.899962 0.048022 -0.770478 -0.051760 -0.887080 -0.069561 -0.910236
25.851703 0.261268 -0.373516 -0.440229 -1.185149 -0.443385 -1.191286 -0.442819 -1.189731 -0.157820 -0.906513 -0.155376 -0.905091 -0.155183 -0.904892 -0.029243 -0.769428 -0.140839 -0.891355 -0.161016 -0.915422
25.951904 0.223841 -0.365349 -0.559671 -1.191806 -0.563447 -1.198962 -0.562724 -1.197071 -0.248839 -0.909370 -0.246250 -0.907910 -0.246037 -0.907708 -0.106484 -0.769843 -0.230302 -0.893944 -0.252926 -0.918344
26.052104 0.187233 -0.365527 -0.679068 -1.180574 -0.683561 -1.188521 -0.682648 -1.186350 -0.339790 -0.904213 -0.337057 -0.902800 -0.336823 -0.902601 -0.183593 -0.766824 -0.319693 -0.889132 -0.344769 -0.913125
26.152305 0.150607 -0.371598 -0.796259 -1.144709 -0.801541 -1.153094 -0.800412 -1.150739 -0.429596 -0.885677 -0.426727 -0.884399 -0.426474 -0.884212 -0.259984 -0.755733 -0.408002 -0.871632 -0.435451 -0.894346
26.252505 0.113373 -0.380988 -0.908472 -1.079176 -0.914577 -1.087532 -0.913216 -1.085126 -0.516686 -0.849423 -0.513700 -0.848374 -0.513430 -0.848206 -0.334640 -0.732651 -0.493732 -0.837143 -0.523385 -0.857632
26.352705 0.075198 -0.391121 -1.012538 -0.981431 -1.019453 -0.989209 -1.017857 -0.986914 -0.599132 -0.792709 -0.596058 -0.791972 -0.595772 -0.791833 -0.406210 -0.694823 -0.575031 -0.782900 -0.606621 -0.800216
26.452906 0.036007 -0.399575 -1.105175 -0.851984 -1.112830 -0.858613 -1.111013 -0.856602 -0.674830 -0.714832 -0.671704 -0.714481 -0.671406 -0.714378 -0.473149 -0.641046 -0.649865 -0.708116 -0.683030 -0.721396
26.553106 -0.004030 -0.404277 -1.183314 -0.694646 -1.191583 -0.699593 -1.189577 -0.698032 -0.741719 -0.617374 -0.738584 -0.617461 -0.738279 -0.617400 -0.533883 -0.571898 -0.716235 -0.614228 -0.750530 -0.622777
26.653307 -0.044539 -0.403700 -1.244434 -0.516329 -1.253140 -0.519175 -1.250991 -0.518197 -0.798012 -0.504165 -0.794915 -0.504718 -0.794606 -0.504702 -0.586994 -0.489769 -0.772394 -0.504867 -0.807314 -0.508238
26.753507 -0.084990 -0.397042 -1.286850 -0.326424 -1.295776 -0.326918 -1.293546 -0.326608 -0.842405 -0.380945 -0.839394 -0.381964 -0.839085 -0.381995 -0.631388 -0.398655 -0.817059 -0.385546 -0.852061 -0.383589
26.853707 -0.124774 -0.384336 -1.309919 -0.135801 -1.318828 -0.133899 -1.316583 -0.134280 -0.874240 -0.254767 -0.871361 -0.256224 -0.871057 -0.256301 -0.666438 -0.303743 -0.849564 -0.263087 -0.884108 -0.255963
26.953908 -0.163284 -0.366478 -1.314134 0.044377 -1.322788 0.048509 -1.320598 0.047480 -0.893601 -0.133224 -0.890895 -0.135070 -0.890601 -0.135188 -0.692069 -0.210850 -0.869964 -0.144874 -0.903537 -0.133043
27.054108 -0.200005 -0.345150 -1.301088 0.203860 -1.309271 0.209874 -1.307198 0.208294 -0.901326 -0.023637 -0.898827 -0.025805 -0.898547 -0.025958 -0.708793 -0.125802 -0.879044 -0.038067 -0.911196 -0.022231
27.154309 -0.234590 -0.322653 -1.273329 0.334308 -1.280863 0.341727 -1.278960 0.339735 -0.898941 0.067663 -0.896677 0.065251 -0.896413 0.065069 -0.717671 -0.053868 -0.878265 0.051102 -0.908627 0.070072
27.254509 -0.266920 -0.301670 -1.234125 0.429950 -1.240883 0.438234 -1.239188 0.435991 -0.888534 0.135855 -0.886523 0.133276 -0.886278 0.133075 -0.720242 0.000683 -0.869641 0.117845 -0.897943 0.138997
27.354709 -0.297147 -0.285009 -1.187184 0.487825 -1.193091 0.496442 -1.191626 0.494106 -0.872589 0.177879 -0.870842 0.175206 -0.870618 0.174993 -0.718403 0.034823 -0.855585 0.159074 -0.881656 0.181458
27.454910 -0.325705 -0.275350 -1.136371 0.507621 -1.141404 0.516099 -1.140176 0.513812 -0.853806 0.192420 -0.852330 0.189716 -0.852127 0.189499 -0.714285 0.046812 -0.838731 0.173398 -0.862498 0.196138
27.555110 -0.353295 -0.275063 -1.085457 0.491200 -1.089640 0.499173 -1.088641 0.497043 -0.834941 0.179671 -0.833735 0.176982 -0.833554 0.176769 -0.710132 0.036075 -0.821782 0.160899 -0.843257 0.183246
27.655311 -0.380857 -0.286078 -1.037934 0.441956 -1.041325 0.449170 -1.040537 0.447272 -0.818668 0.140949 -0.817729 0.138307 -0.817569 0.138101 -0.708197 0.002950 -0.807371 0.122769 -0.826636 0.144128
27.755511 -0.409522 -0.309838 -0.996894 0.364118 -0.999573 0.370433 -0.998973 0.368808 -0.807493 0.078274 -0.806818 0.075690 -0.806678 0.075496 -0.710667 -0.051605 -0.797980 0.060897 -0.815166 0.080837
27.855711 -0.440568 -0.347311 -0.964979 0.262153 -0.967038 0.267519 -0.966598 0.266181 -0.803699 -0.006026 -0.803283 -0.008555 -0.803162 -0.008736 -0.719618 -0.126284 -0.795879 -0.022505 -0.811153 -0.004263
27.955912 -0.475368 -0.399014 -0.944385 0.140330 -0.945918 0.144757 -0.945610 0.143702 -0.809335 -0.109586 -0.809175 -0.112081 -0.809072 -0.112248 -0.736989 -0.219631 -0.803116 -0.125179 -0.816661 -0.108777
28.056112 -0.515350 -0.465050 -0.936896 0.002490 -0.937996 0.006018 -0.937792 0.005235 -0.826216 -0.230140 -0.826313 -0.232633 -0.826225 -0.232786 -0.764574 -0.330124 -0.821515 -0.244941 -0.833520 -0.230410
28.156313 -0.561948 -0.545090 -0.943937 -0.147958 -0.944692 -0.145291 -0.944564 -0.145811 -0.855934 -0.365485 -0.856291 -0.368019 -0.856218 -0.368159 -0.804012 -0.456120 -0.852683 -0.379651 -0.863334 -0.366936
28.256513 -0.616566 -0.638314 -0.966608 -0.307864 -0.967102 -0.306045 -0.967025 -0.306302 -0.899858 -0.513298 -0.900482 -0.515920 -0.900423 -0.516050 -0.856765 -0.595676 -0.898006 -0.527027 -0.907478 -0.516011
28.356713 -0.680526 -0.743278 -1.005700 -0.474012 -1.006016 -0.473065 -1.005965 -0.473046 -0.959104 -0.670825 -0.960008 -0.673584 -0.959962 -0.673706 -0.924071 -0.746251 -0.958624 -0.684334 -0.967076 -0.674858
28.456914 -0.755002 -0.857722 -1.061670 -0.642711 -1.061894 -0.642707 -1.061840 -0.642382 -1.034477 -0.834497 -1.035677 -0.837438 -1.035642 -0.837553 -1.006871 -0.904347 -1.035359 -0.848003 -1.042934 -0.839879
28.557114 -0.840946 -0.978348 -1.134568 -0.809375 -1.134793 -0.810423 -1.134706 -0.809750 -1.126365 -0.999526 -1.127880 -1.002684 -1.127856 -1.002796 -1.105683 -1.065131 -1.128618 -1.013223 -1.135440 -1.006252
28.657315 -0.938977 -1.100603 -1.223931 -0.968168 -1.224263 -0.970399 -1.224108 -0.969329 -1.234600 -1.159574 -1.236453 -1.162970 -1.236440 -1.163080 -1.220460 -1.222125 -1.238248 -1.173618 -1.244422 -1.167590
28.757515 -1.049258 -1.218506 -1.328641 -1.111803 -1.329199 -1.115340 -1.328936 -1.113827 -1.358296 -1.306573 -1.360507 -1.310208 -1.360505 -1.310317 -1.350407 -1.367052 -1.363370 -1.321061 -1.368983 -1.315767
28.857715 -1.171353 -1.324617 -1.446776 -1.231581 -1.447691 -1.236502 -1.447275 -1.234517 -1.495668 -1.430795 -1.498260 -1.434647 -1.498268 -1.434757 -1.493810 -1.489924 -1.502205 -1.445756 -1.507326 -1.440984
28.957916 -1.304080 -1.410181 -1.575476 -1.317743 -1.576887 -1.324038 -1.576271 -1.321581 -1.643895 -1.521263 -1.646884 -1.525284 -1.646903 -1.525395 -1.647881 -1.579482 -1.651921 -1.536640 -1.656605 -1.532186
29.058116 -1.445381 -1.465528 -1.710864 -1.360172 -1.712909 -1.367703 -1.712045 -1.364820 -1.799018 -1.566531 -1.802415 -1.570643 -1.802445 -1.570754 -1.808668 -1.623991 -1.808553 -1.582179 -1.812832 -1.577841
29.158317 -1.592227 -1.480759 -1.848057 -1.349435 -1.850858 -1.357902 -1.849705 -1.354695 -1.955956 -1.555826 -1.959766 -1.559924 -1.959807 -1.560035 -1.971073 -1.612418 -1.966999 -1.571511 -1.970892 -1.567099
29.258517 -1.740600 -1.446708 -1.981291 -1.278057 -1.984937 -1.286989 -1.983464 -1.283620 -2.108642 -1.480461 -2.112856 -1.484420 -2.112909 -1.484528 -2.128992 -1.535851 -2.121169 -1.495864 -2.124673 -1.491208
29.358717 -1.885560 -1.356105 -2.104186 -1.141869 -2.108717 -1.150646 -2.106910 -1.147330 -2.250301 -1.335321 -2.254902 -1.338997 -2.254966 -1.339102 -2.275613 -1.389011 -2.264261 -1.350055 -2.267356 -1.345014
29.458918 -2.021443 -1.204817 -2.210143 -0.941194 -2.215536 -0.949094 -2.213404 -0.946083 -2.373885 -1.120177 -2.378840 -1.123422 -2.378915 -1.123521 -2.403847 -1.171564 -2.389196 -1.133802 -2.391843 -1.128280
29.559118 -2.142166 -0.992960 -2.292846 -0.681604 -2.299002 -0.687887 -2.296580 -0.685440 -2.472605 -0.840545 -2.477868 -0.843214 -2.477953 -0.843304 -2.506879 -0.888978 -2.489153 -0.852601 -2.491294 -0.846557
29.659319 -2.241661 -0.725663 -2.346810 -0.374034 -2.353557 -0.378039 -2.350904 -0.376392 -2.540522 -0.507846 -2.546036 -0.509814 -2.546130 -0.509894 -2.578759 -0.552679 -2.558161 -0.517887 -2.559727 -0.511347
29.759519 -2.314373 -0.413272 -2.367903 -0.034127 -2.375004 -0.035377 -2.372205 -0.034702 -2.573118 -0.138742 -2.578810 -0.139912 -2.578912 -0.139979 -2.614967 -0.179373 -2.591665 -0.146371 -2.592582 -0.139430
29.859719 -2.355783 -0.070846 -2.353770 0.319171 -2.360944 0.320894 -2.358098 0.320510 -2.567745 0.246359 -2.573535 0.246041 -2.573643 0.245987 -2.612867 0.210449 -2.586987 0.241443 -2.587186 0.248626
29.959920 -2.362881 0.283069 -2.304073 0.665577 -2.311020 0.670187 -2.308234 0.668766 -2.523903 0.625402 -2.529706 0.625941 -2.529818 0.625903 -2.571972 0.594613 -2.543600 0.623368 -2.543026 0.630594
30.060120 -2.334518 0.628272 -2.220518 0.985698 -2.226952 0.992813 -2.224329 0.990479 -2.443286 0.977090 -2.449016 0.978444 -2.449131 0.978419 -2.493987 0.951657 -2.463177 0.977944 -2.461799 0.985005
30.160321 -2.271565 0.945083 -2.106653 1.263129 -2.112331 1.272130 -2.109959 1.269091 -2.329585 1.283178 -2.335159 1.285256 -2.335275 1.285245 -2.382608 1.263117 -2.349402 1.286751 -2.347217 1.293460
30.260521 -2.176867 1.216506 -1.967476 1.486096 -1.972218 1.496215 -1.970165 1.492735 -2.188085 1.530288 -2.193433 1.532961 -2.193548 1.532962 -2.243127 1.515339 -2.207570 1.536238 -2.204605 1.542467
30.360721 -2.054973 1.430022 -1.808900 1.648375 -1.812605 1.658808 -1.810911 1.655167 -2.025122 1.710966 -2.030186 1.714081 -2.030300 1.714092 -2.081887 1.700545 -2.044041 1.718805 -2.040347 1.724510
30.460922 -1.911684 1.578706 -1.637175 1.749423 -1.639821 1.759433 -1.638498 1.755893 -1.847467 1.823891 -1.852206 1.827286 -1.852319 1.827303 -1.905683 1.817068 -1.865627 1.833033 -1.861273 1.838262
30.561122 -1.753497 1.661532 -1.458329 1.793779 -1.459966 1.802779 -1.459000 1.799553 -1.661737 1.873294 -1.666130 1.876810 -1.666239 1.876830 -1.721181 1.868798 -1.679000 1.883104 -1.674057 1.887994
30.661323 -1.587011 1.682860 -1.277703 1.789934 -1.278437 1.797531 -1.277795 1.794767 -1.473895 1.867779 -1.477935 1.871272 -1.478043 1.871293 -1.534421 1.864038 -1.490187 1.877632 -1.484715 1.882390
30.761523 -1.418388 1.651298 -1.099624 1.748922 -1.099598 1.754934 -1.099232 1.752709 -1.288885 1.818829 -1.292582 1.822180 -1.292687 1.822197 -1.350462 1.814042 -1.304196 1.828154 -1.298232 1.833036
30.861723 -1.252927 1.578189 -0.927221 1.682897 -0.926592 1.687328 -0.926449 1.685656 -1.110420 1.739267 -1.113794 1.742382 -1.113898 1.742391 -1.173161 1.731490 -1.124801 1.747576 -1.118353 1.752864
30.961924 -1.094792 1.476029 -0.762381 1.603878 -0.761306 1.606885 -0.761330 1.605724 -0.940922 1.641887 -0.944002 1.644699 -0.944106 1.644698 -1.005110 1.629122 -0.954479 1.648794 -0.947516 1.654772
31.062124 -0.946893 1.357060 -0.605823 1.522789 -0.604441 1.524634 -0.604580 1.523907 -0.781577 1.538399 -0.784398 1.540864 -0.784503 1.540850 -0.847683 1.518671 -0.794458 1.543614 -0.786914 1.550560
31.162325 -0.810915 1.232211 -0.457241 1.448822 -0.455665 1.449827 -0.455878 1.449434 -0.632483 1.438728 -0.635082 1.440822 -0.635190 1.440792 -0.701175 1.410153 -0.644869 1.442049 -0.636641 1.450227
31.262525 -0.687447 1.110446 -0.315508 1.389082 -0.313819 1.389598 -0.314074 1.389428 -0.492851 1.350640 -0.495267 1.352355 -0.495378 1.352308 -0.564989 1.311478 -0.504945 1.351936 -0.495896 1.361592
31.362725 -0.576180 0.998492 -0.178896 1.348453 -0.177142 1.348833 -0.177415 1.348772 -0.361228 1.279622 -0.363496 1.280963 -0.363614 1.280896 -0.437856 1.228322 -0.373245 1.278814 -0.363208 1.290179
31.462926 -0.476131 0.900868 -0.045299 1.329585 -0.043492 1.330170 -0.043774 1.330105 -0.235721 1.228920 -0.237879 1.229900 -0.238004 1.229812 -0.318048 1.164177 -0.247885 1.225973 -0.236669 1.239252
31.563126 -0.385863 0.820100 0.087541 1.332928 0.089422 1.334044 0.089131 1.333868 -0.114224 1.199653 -0.116304 1.200293 -0.116440 1.200183 -0.203593 1.120480 -0.126759 1.194572 -0.114152 1.209933
31.663327 -0.303689 0.757033 0.221818 1.356788 0.223826 1.358736 0.223515 1.358347 0.005384 1.190943 0.003350 1.191271 0.003203 1.191139 -0.092470 1.096777 -0.007741 1.183777 0.006482 1.201334
31.763527 -0.227834 0.711142 0.359448 1.397363 0.361667 1.400416 0.361315 1.399721 0.125041 1.200040 0.123025 1.200089 0.122863 1.199936 0.017211 1.090871 0.111112 1.190892 0.127184 1.210677
31.863727 -0.156577 0.680810 0.501862 1.448818 0.504401 1.453204 0.503977 1.452120 0.246319 1.222442 0.244297 1.222252 0.244118 1.222078 0.127039 1.098974 0.231387 1.211485 0.249539 1.233419
31.963928 -0.088360 0.663550 0.649806 1.503430 0.652798 1.509313 0.652263 1.507776 0.370261 1.252058 0.368210 1.251675 0.368012 1.251483 0.238152 1.115871 0.354148 1.239558 0.374593 1.263413
32.064128 -0.021872 0.656189 0.803162 1.551895 0.806757 1.559341 0.806066 1.557315 0.497226 1.281468 0.495130 1.280947 0.494912 1.280741 0.351103 1.135169 0.479785 1.267796 0.502707 1.293173
32.164329 0.043879 0.655020 0.960814 1.583847 0.965164 1.592794 0.964268 1.590284 0.626782 1.302339 0.624630 1.301740 0.624391 1.301525 0.465761 1.149648 0.607908 1.287980 0.633441 1.314289
32.264529 0.109512 0.655979 1.120569 1.588650 1.125821 1.598875 1.124672 1.595933 0.757640 1.306020 0.755427 1.305411 0.755167 1.305195 0.581251 1.151777 0.737282 1.291574 0.765493 1.318033
32.364729 0.175241 0.654863 1.279180 1.556419 1.285454 1.567521 1.284011 1.564259 0.887660 1.284334 0.885388 1.283788 0.885107 1.283578 0.695960 1.134376 0.865833 1.270498 0.896700 1.296153
32.464930 0.240859 0.647600 1.432478 1.479220 1.439851 1.490623 1.438084 1.487208 1.013944 1.230499 1.011624 1.230087 1.011323 1.229894 0.807605 1.091388 0.990739 1.218030 1.024138 1.241805
32.565130 0.305749 0.630586 1.575626 1.352271 1.584116 1.363257 1.582013 1.359905 1.133023 1.140064 1.130674 1.139856 1.130355 1.139689 0.913398 1.018674 1.108615 1.129728 1.144308 1.150495
32.665331 0.368934 0.601048 1.703498 1.174945 1.713048 1.184716 1.710619 1.181673 1.241135 1.011715 1.238782 1.011771 1.238448 1.011639 1.010267 0.914701 1.215778 1.004224 1.253410 1.020899
32.765531 0.429159 0.557401 1.811131 0.951366 1.821603 0.959134 1.818884 0.956648 1.334566 0.847786 1.332241 0.848151 1.331896 0.848062 1.095149 0.780986 1.308588 0.843726 1.347697 0.855370
32.865731 0.485011 0.499522 1.894221 0.690417 1.905400 0.695501 1.902451 0.693790 1.410023 0.654324 1.407761 0.655023 1.407411 0.654985 1.165299 0.622183 1.383811 0.654098 1.423844 0.660013
32.965932 0.535063 0.428890 1.949581 0.405075 1.961188 0.407002 1.958088 0.406222 1.464992 0.440664 1.462830 0.441701 1.462478 0.441716 1.218588 0.445757 1.438965 0.444444 1.479309 0.444253
33.066132 0.578038 0.348544 1.975502 0.111145 1.987215 0.109716 1.984061 0.109939 1.498022 0.218516 1.495993 0.219875 1.495645 0.219944 1.253753 0.261260 1.472605 0.226229 1.512621 0.219915
33.166333 0.612962 0.262831 1.971963 -0.174454 1.983446 -0.179133 1.980337 -0.177928 1.508902 0.000712 1.507037 0.002360 1.506699 0.002479 1.270544 0.079314 1.484500 0.012053 1.523566 -0.000036
33.266533 0.639298 0.176975 1.940645 -0.435538 1.951578 -0.443074 1.948612 -0.441003 1.498706 -0.200191 1.497031 -0.198302 1.496706 -0.198138 1.269774 -0.089540 1.475677 -0.185720 1.513222 -0.202918
33.366733 0.657031 0.096522 1.884768 -0.658364 1.894877 -0.668136 1.892138 -0.665385 1.469697 -0.373228 1.468230 -0.371152 1.467924 -0.370950 1.253252 -0.235926 1.448332 -0.356254 1.483871 -0.377651
33.466934 0.666702 0.026756 1.808773 -0.832884 1.817849 -0.844136 1.815400 -0.840936 1.425111 -0.510032 1.423865 -0.507823 1.423580 -0.507593 1.223614 -0.352498 1.405626 -0.491241 1.438781 -0.515783
33.567134 0.669383 -0.027828 1.717899 -0.953409 1.725810 -0.965352 1.723691 -0.961948 1.368866 -0.605409 1.367849 -0.603118 1.367587 -0.602870 1.184099 -0.434444 1.351398 -0.585480 1.381909 -0.612071
33.667335 0.666595 -0.063895 1.617729 -1.018618 1.624423 -1.030525 1.622651 -1.027141 1.305235 -0.657431 1.304451 -0.655099 1.304214 -0.654841 1.138282 -0.479603 1.289849 -0.636972 1.317573 -0.664572
33.767535 0.660193 -0.079449 1.513772 -1.031012 1.519265 -1.042289 1.517834 -1.039110 1.238534 -0.667090 1.237984 -0.664747 1.237773 -0.664486 1.089828 -0.488233 1.225238 -0.646604 1.250135 -0.674298
33.867735 0.652232 -0.073805 1.411113 -0.995985 1.415478 -1.006209 1.414365 -1.003367 1.172858 -0.637652 1.172542 -0.635314 1.172357 -0.635058 1.042272 -0.462509 1.161614 -0.617512 1.183733 -0.644558
33.967936 0.644837 -0.047395 1.314177 -0.920724 1.317527 -0.929651 1.316696 -0.927221 1.111895 -0.573860 1.111815 -0.571529 1.111655 -0.571283 0.998867 -0.405899 1.102639 -0.554305 1.122094 -0.580153
34.068136 0.640088 -0.001474 1.226609 -0.813148 1.229076 -0.820692 1.228486 -0.818700 1.058818 -0.481143 1.058974 -0.478806 1.058838 -0.478573 0.962484 -0.322528 1.051473 -0.462281 1.068420 -0.486571
34.168337 0.639940 0.062207 1.151245 -0.681033 1.152969 -0.687230 1.152575 -0.685664 1.016249 -0.364956 1.016645 -0.362586 1.016532 -0.362366 0.935581 -0.216638 1.010739 -0.346778 1.025356 -0.369325
34.268537 0.646173 0.141673 1.090168 -0.531413 1.091281 -0.536378 1.091042 -0.535203 0.986283 -0.230330 0.986927 -0.227891 0.986836 -0.227684 0.920206 -0.092230 0.982542 -0.212732 0.995016 -0.233497
34.368737 0.660369 0.234917 1.044801 -0.370297 1.045425 -0.374174 1.045302 -0.373348 0.970542 -0.081672 0.971445 -0.079115 0.971374 -0.078920 0.918033 0.047103 0.968524 -0.064473 0.979032 -0.083534
34.468938 0.683908 0.339947 1.016023 -0.202648 1.016263 -0.205579 1.016222 -0.205060 0.970237 0.077209 0.971415 0.079937 0.971363 0.080123 0.930399 0.198128 0.969919 0.094244 0.978623 0.076722
34.569138 0.717970 0.454728 1.004260 -0.032604 1.004209 -0.034700 1.004220 -0.034458 0.986220 0.242881 0.987693 0.245836 0.987659 0.246015 0.958329 0.357760 0.987605 0.260018 0.994644 0.243808
34.669339 0.763534 0.576997 1.009562 0.136164 1.009300 0.134838 1.009335 0.134818 1.019001 0.411923 1.020795 0.415156 1.020779 0.415332 1.002530 0.522716 1.022120 0.429431 1.027606 0.414278
34.769539 0.821350 0.704009 1.031619 0.300016 1.031222 0.299447 1.031255 0.299161 1.068732 0.580494 1.070878 0.584052 1.070879 0.584227 1.063351 0.689103 1.073639 0.598627 1.077659 0.584261
34.869739 0.891892 0.832256 1.069751 0.454919 1.069294 0.455136 1.069299 0.454569 1.135141 0.743918 1.137671 0.747830 1.137689 0.748007 1.140699 0.852020 1.141910 0.762881 1.144527 0.749045
34.969940 0.975284 0.957199 1.122842 0.596113 1.122403 0.597172 1.122351 0.596301 1.217430 0.896348 1.220378 0.900622 1.220415 0.900803 1.233921 1.005248 1.226149 0.916274 1.227402 0.902736
35.070140 1.071196 1.073087 1.189257 0.717937 1.188922 0.719896 1.188783 0.718698 1.314151 1.030618 1.317551 1.035236 1.317605 1.035423 1.341663 1.141117 1.324911 1.051542 1.324822 1.038115
35.170341 1.178720 1.172932 1.266748 0.813886 1.266608 0.816771 1.266348 0.815239 1.423073 1.138353 1.426954 1.143264 1.427027 1.143456 1.461729 1.250647 1.435960 1.160188 1.434539 1.146742
35.270541 1.296248 1.248680 1.352378 0.876934 1.352527 0.880708 1.352112 0.878857 1.541081 1.210388 1.545467 1.215506 1.545559 1.215702 1.590971 1.324007 1.556163 1.232914 1.553413 1.219384
35.370741 1.421366 1.291646 1.442493 0.900141 1.443020 0.904675 1.442419 0.902555 1.664133 1.237532 1.669038 1.242735 1.669150 1.242932 1.725246 1.351327 1.681447 1.260384 1.677372 1.246779
35.470942 1.550790 1.293214 1.532768 0.877500 1.533749 0.882551 1.532936 0.880255 1.787308 1.211617 1.792731 1.216749 1.792863 1.216945 1.859472 1.323806 1.806850 1.234293 1.801457 1.220698
35.571142 1.680370 1.245786 1.618345 0.804919 1.619831 0.810133 1.618789 0.807794 1.904967 1.126729 1.910894 1.131609 1.911046 1.131797 1.987797 1.235009 1.926681 1.148608 1.919990 1.135181
35.671343 1.805198 1.143882 1.694081 0.681198 1.696085 0.686125 1.694812 0.683912 2.011043 0.980432 2.017442 0.984862 2.017612 0.985038 2.103910 1.082154 2.034815 1.000808 2.026861 0.987770
35.771543 1.919816 0.985249 1.754879 0.508786 1.757368 0.512932 1.755878 0.511031 2.099445 0.774757 2.106263 0.778536 2.106451 0.778695 2.201468 0.867143 2.125096 0.792883 2.115932 0.780506
35.871743 2.018538 0.771785 1.796084 0.294157 1.798974 0.297041 1.797302 0.295633 2.164530 0.516714 2.171698 0.519659 2.171901 0.519795 2.274592 0.597106 2.191821 0.531863 2.181518 0.520451
35.971944 2.095871 0.510077 1.813892 0.047631 1.817052 0.048861 1.815251 0.048098 2.201609 0.218162 2.209039 0.220118 2.209254 0.220227 2.318392 0.284262 2.230237 0.229686 2.218890 0.219548
36.072144 2.146981 0.211365 1.805713 -0.217384 1.808973 -0.218047 1.807108 -0.218069 2.207388 -0.105053 2.214979 -0.104190 2.215204 -0.104112 2.329431 -0.054964 2.237001 -0.097653 2.224725 -0.106230
36.172345 2.168160 -0.109157 1.770425 -0.485681 1.773595 -0.488274 1.771741 -0.487531 2.180304 -0.434593 2.187945 -0.434869 2.188176 -0.434824 2.306067 -0.401494 2.210510 -0.431621 2.197440 -0.438401
36.272545 2.157223 -0.433686 1.708483 -0.741867 1.711370 -0.746215 1.709604 -0.744762 2.120676 -0.751578 2.128253 -0.752973 2.128487 -0.752960 2.248609 -0.735606 2.151057 -0.753095 2.137348 -0.757928
36.372745 2.113767 -0.743629 1.621850 -0.972065 1.624280 -0.977800 1.622673 -0.975764 2.030654 -1.038641 2.038056 -1.041071 2.038289 -1.041090 2.159268 -1.039066 2.060790 -1.044451 2.046610 -1.047295
36.472946 2.039255 -1.021636 1.513762 -1.165386 1.515601 -1.172003 1.514209 -1.169563 1.913975 -1.281772 1.921101 -1.285098 1.921330 -1.285144 2.041904 -1.297035 1.943463 -1.291431 1.928986 -1.292373
36.573146 1.936887 -1.253503 1.388366 -1.314959 1.389532 -1.321890 1.388392 -1.319254 1.775550 -1.471644 1.782315 -1.475682 1.782537 -1.475751 1.901607 -1.499457 1.804027 -1.484493 1.789429 -1.483749
36.673347 1.811285 -1.429624 1.250282 -1.418366 1.250748 -1.425061 1.249877 -1.422435 1.620963 -1.604232 1.627301 -1.608778 1.627515 -1.608864 1.744182 -1.641735 1.648128 -1.619462 1.633567 -1.617367
36.773547 1.668036 -1.545758 1.104145 -1.477473 1.103939 -1.483469 1.103334 -1.481031 1.455934 -1.680717 1.461802 -1.685560 1.462006 -1.685657 1.575607 -1.724649 1.481562 -1.697437 1.467172 -1.694420
36.873747 1.513151 -1.603034 0.954202 -1.497759 0.953395 -1.502726 0.953036 -1.500612 1.285834 -1.706747 1.291210 -1.711691 1.291404 -1.711791 1.401532 -1.753645 1.309785 -1.724063 1.295663 -1.720613
36.973948 1.352526 -1.607242 0.803993 -1.487311 0.802689 -1.491075 0.802541 -1.489365 1.115290 -1.691285 1.120172 -1.696157 1.120356 -1.696255 1.226879 -1.737665 1.137513 -1.708367 1.123710 -1.704992
37.074148 1.191480 -1.567630 0.656144 -1.455698 0.654460 -1.458234 0.654484 -1.456958 0.947920 -1.645264 0.952325 -1.649926 0.952499 -1.650015 1.055562 -1.687784 0.968448 -1.661396 0.954963 -1.658589
37.174349 1.034403 -1.495446 0.512274 -1.412896 0.510331 -1.414310 0.510483 -1.413449 0.786207 -1.580288 0.790161 -1.584636 0.790328 -1.584713 0.890351 -1.615870 0.805145 -1.594895 0.791925 -1.593107
37.274549 0.884558 -1.402498 0.373007 -1.368391 0.370914 -1.368884 0.371153 -1.368385 0.631482 -1.507524 0.635023 -1.511492 0.635183 -1.511552 0.732851 -1.533434 0.648994 -1.520178 0.635935 -1.519806
37.374749 0.744028 -1.299947 0.238060 -1.330519 0.235906 -1.330354 0.236196 -1.330139 0.484017 -1.436887 0.487185 -1.440439 0.487340 -1.440478 0.583581 -1.450769 0.500310 -1.447301 0.487264 -1.448681
37.474950 0.613772 -1.197441 0.106385 -1.306029 0.104232 -1.305504 0.104546 -1.305478 0.343174 -1.376516 0.346012 -1.379641 0.346165 -1.379657 0.442127 -1.376397 0.358484 -1.384517 0.345265 -1.387930
37.575150 0.493788 -1.102615 -0.023656 -1.299836 -0.025773 -1.299264 -0.025455 -1.299328 0.207604 -1.332492 0.210155 -1.335200 0.210307 -1.335192 0.307331 -1.316771 0.222183 -1.338002 0.208572 -1.343680
37.675351 0.383306 -1.020923 -0.154096 -1.314887 -0.156174 -1.314584 -0.155859 -1.314633 0.075455 -1.308738 0.077757 -1.311055 0.077911 -1.311020 0.177500 -1.276173 0.089560 -1.311747 0.075314 -1.319878
37.775551 0.281009 -0.955700 -0.287162 -1.352076 -0.289227 -1.352356 -0.288914 -1.352286 -0.055411 -1.307005 -0.053321 -1.308964 -0.053161 -1.308903 0.050623 -1.256720 -0.041521 -1.307558 -0.056666 -1.318284
37.875752 0.185247 -0.908358 -0.425065 -1.410169 -0.427175 -1.411341 -0.426852 -1.411047 -0.187196 -1.326886 -0.185286 -1.328530 -0.185119 -1.328442 -0.075417 -1.258418 -0.173273 -1.325073 -0.189590 -1.338485
37.975952 0.094229 -0.878637 -0.569781 -1.485722 -0.572025 -1.488083 -0.571671 -1.487461 -0.321958 -1.365843 -0.320201 -1.367218 -0.320023 -1.367104 -0.202634 -1.279223 -0.307762 -1.361799 -0.325532 -1.377918
38.076152 0.006190 -0.864843 -0.722830 -1.573017 -0.725327 -1.576840 -0.724908 -1.575793 -0.461393 -1.419226 -0.459764 -1.420380 -0.459574 -1.420241 -0.332739 -1.315108 -0.446701 -1.413141 -0.466201 -1.431890
38.176353 -0.080468 -0.864058 -0.885041 -1.664080 -0.887938 -1.669589 -0.887411 -1.668034 -0.606629 -1.480350 -0.605108 -1.481331 -0.604903 -1.481169 -0.466942 -1.360159 -0.591238 -1.472479 -0.612733 -1.493656
38.276553 -0.167047 -0.872321 -1.056336 -1.748856 -1.059799 -1.756195 -1.059114 -1.754071 -0.758027 -1.540678 -0.756601 -1.541534 -0.756378 -1.541354 -0.605777 -1.406778 -0.741763 -1.531359 -0.765490 -1.554604
38.376754 -0.254454 -0.884815 -1.235530 -1.815641 -1.239742 -1.824831 -1.238841 -1.822116 -0.915019 -1.590203 -0.913675 -1.590981 -0.913433 -1.590787 -0.748940 -1.446025 -0.897743 -1.579865 -0.923895 -1.604636
38.476954 -0.343113 -0.896089 -1.420201 -1.851830 -1.425343 -1.862724 -1.424168 -1.859447 -1.075981 -1.618073 -1.074713 -1.618817 -1.074451 -1.618616 -0.895191 -1.468189 -1.057602 -1.607243 -1.086309 -1.632804
38.577154 -0.432901 -0.900358 -1.606640 -1.844996 -1.612877 -1.857249 -1.611373 -1.853505 -1.238197 -1.613492 -1.237003 -1.614245 -1.236721 -1.614045 -1.042310 -1.463577 -1.218681 -1.602788 -1.249991 -1.628215
38.677355 -0.523117 -0.891909 -1.789939 -1.784269 -1.797397 -1.797319 -1.795520 -1.793272 -1.397918 -1.566859 -1.396802 -1.567659 -1.396501 -1.567468 -1.187154 -1.423514 -1.377300 -1.556965 -1.411159 -1.581178
38.777555 -0.612487 -0.865601 -1.964213 -1.661835 -1.972960 -1.674920 -1.970682 -1.670802 -1.550546 -1.471021 -1.549515 -1.471899 -1.549196 -1.471728 -1.325813 -1.341444 -1.528936 -1.462650 -1.565176 -1.484475
38.877756 -0.699221 -0.817426 -2.122990 -1.474357 -2.133013 -1.486571 -2.130332 -1.482664 -1.690938 -1.322469 -1.690005 -1.323448 -1.689670 -1.323308 -1.453885 -1.213973 -1.668526 -1.316308 -1.706854 -1.334562
38.977956 -0.781127 -0.745079 -2.259716 -1.224039 -2.270911 -1.234418 -2.267852 -1.231028 -1.813824 -1.122255 -1.813003 -1.123347 -1.812656 -1.123246 -1.566833 -1.041677 -1.790873 -1.118902 -1.830875 -1.132493
39.078156 -0.855784 -0.648424 -2.368356 -0.919070 -2.380522 -0.926708 -2.377142 -0.924128 -1.914288 -0.876403 -1.913593 -0.877609 -1.913239 -0.877555 -1.660408 -0.829476 -1.891125 -0.876310 -1.932276 -0.884344
39.178357 -0.920757 -0.529765 -2.443995 -0.573271 -2.456842 -0.577446 -2.453227 -0.575913 -1.988259 -0.595692 -1.987705 -0.597001 -1.987349 -0.596999 -1.731077 -0.586459 -1.965256 -0.599110 -2.006948 -0.600991
39.278557 -0.973839 -0.393843 -2.483362 -0.204925 -2.496532 -0.205202 -2.492790 -0.204866 -2.032952 -0.294744 -2.032552 -0.296135 -2.032198 -0.296187 -1.776403 -0.325117 -2.010499 -0.301699 -2.052073 -0.297191
39.378758 -1.013302 -0.247497 -2.485199 0.165101 -2.498297 0.168803 -2.494550 0.167905 -2.047179 0.009464 -2.046940 0.008017 -2.046594 0.007911 -1.795320 -0.060077 -2.025657 -0.000832 -2.066446 0.009916
39.478958 -1.038102 -0.099032 -2.450413 0.515637 -2.463045 0.523026 -2.459415 0.520977 -2.031496 0.299440 -2.031422 0.297965 -2.031089 0.297809 -1.788259 0.193472 -2.011250 0.286193 -2.050619 0.302663
39.579158 -1.048025 0.042660 -2.381989 0.827512 -2.393794 0.837975 -2.390395 0.834960 -1.988157 0.559072 -1.988245 0.557594 -1.987929 0.557395 -1.757120 0.421410 -1.969475 0.543404 -2.006862 0.564778
39.679359 -1.043750 0.169053 -2.284680 1.085507 -2.295365 1.098196 -2.292288 1.094481 -1.920889 0.775262 -1.921136 0.773797 -1.920842 0.773564 -1.705083 0.612099 -1.903990 0.757772 -1.938936 0.783027
39.779559 -1.026811 0.272888 -2.164525 1.279639 -2.173885 1.293599 -2.171196 1.289484 -1.834534 0.939037 -1.834933 0.937596 -1.834662 0.937338 -1.636312 0.757362 -1.819561 0.920330 -1.851725 0.948348
39.879760 -0.999468 0.348853 -2.028281 1.405644 -2.036209 1.419934 -2.033941 1.415719 -1.734599 1.046024 -1.735145 1.044604 -1.734900 1.044331 -1.555575 0.852928 -1.721626 1.026649 -1.750796 1.056326
39.979960 -0.964512 0.393947 -1.882851 1.464657 -1.889328 1.478459 -1.887488 1.474405 -1.626807 1.096265 -1.627495 1.094857 -1.627278 1.094576 -1.467870 0.898313 -1.615850 1.076673 -1.641927 1.107009
40.080160 -0.925039 0.407496 -1.734766 1.462269 -1.739856 1.474958 -1.738424 1.471266 -1.516680 1.093513 -1.517509 1.092095 -1.517320 1.091815 -1.378067 0.896253 -1.507716 1.074033 -1.530702 1.104195
40.180361 -0.884208 0.390859 -1.589809 1.407200 -1.593632 1.418376 -1.592569 1.415175 -1.409224 1.044187 -1.410196 1.042733 -1.410035 1.042459 -1.290641 0.851843 -1.402201 1.025020 -1.422175 1.054377
40.280561 -0.845043 0.346913 -1.452766 1.309865 -1.455479 1.319348 -1.454733 1.316697 -1.308713 0.956227 -1.309836 0.954702 -1.309702 0.954437 -1.209486 0.771574 -1.303576 0.937450 -1.320667 0.965580
40.380762 -0.810283 0.279455 -1.327327 1.181073 -1.329101 1.188865 -1.328618 1.186766 -1.218598 0.838027 -1.219884 0.836388 -1.219776 0.836134 -1.137823 0.662421 -1.215293 0.819605 -1.229659 0.846281
40.480962 -0.782281 0.192625 -1.216109 1.031005 -1.217111 1.037243 -1.216836 1.035656 -1.141502 0.697598 -1.142966 0.695796 -1.142883 0.695553 -1.078192 0.531132 -1.139993 0.679401 -1.151798 0.704570
40.581162 -0.762980 0.090456 -1.120760 0.868563 -1.121143 0.873460 -1.121025 0.872320 -1.079287 0.542030 -1.080951 0.540012 -1.080892 0.539778 -1.032501 0.383758 -1.079563 0.523853 -1.088961 0.547605
40.681363 -0.753916 -0.023398 -1.042108 0.701071 -1.042004 0.704872 -1.041999 0.704104 -1.033164 0.377273 -1.035054 0.374981 -1.035018 0.374754 -1.002099 0.225472 -1.035239 0.358851 -1.042365 0.381384
40.781563 -0.756261 -0.145735 -0.980333 0.534291 -0.979847 0.537228 -0.979919 0.536764 -1.003803 0.208182 -1.005950 0.205558 -1.005937 0.205334 -0.987867 0.060620 -1.007725 0.189216 -1.012683 0.210806
40.881764 -0.770863 -0.273709 -0.935108 0.372660 -0.934323 0.374930 -0.934443 0.374712 -0.991430 0.038782 -0.993872 0.035769 -0.993881 0.035545 -0.990282 -0.107019 -0.997279 0.018960 -1.000140 0.039926
40.981964 -0.798289 -0.404602 -0.905722 0.219659 -0.904703 0.221409 -0.904846 0.221397 -0.995897 -0.127341 -0.998674 -0.130790 -0.998706 -0.131019 -1.009455 -0.273858 -1.003781 -0.148318 -1.004584 -0.127639
41.082164 -0.838830 -0.535510 -0.891153 0.078231 -0.889951 0.079556 -0.890096 0.079725 -1.016698 -0.286597 -1.019855 -0.290519 -1.019910 -0.290755 -1.045123 -0.436068 -1.026751 -0.308983 -1.025500 -0.288272
41.182365 -0.892489 -0.663018 -0.890101 -0.048834 -0.888757 -0.047888 -0.888886 -0.047548 -1.052950 -0.434986 -1.056533 -0.439395 -1.056612 -0.439641 -1.096610 -0.589186 -1.065325 -0.458958 -1.061997 -0.437939
41.282565 -0.958923 -0.782920 -0.900985 -0.158614 -0.899537 -0.158032 -0.899633 -0.157524 -1.103335 -0.567798 -1.107391 -0.572682 -1.107495 -0.572940 -1.162738 -0.727824 -1.118193 -0.593421 -1.112744 -0.571892
41.382766 -1.037372 -0.890039 -0.921921 -0.247905 -0.920406 -0.247688 -0.920452 -0.247013 -1.166022 -0.679497 -1.170594 -0.684812 -1.170724 -0.685081 -1.241737 -0.845579 -1.183520 -0.706693 -1.175893 -0.684552
41.482966 -1.126554 -0.978216 -0.950687 -0.313260 -0.949144 -0.313403 -0.949122 -0.312570 -1.238586 -0.763842 -1.243712 -0.769502 -1.243869 -0.769782 -1.331143 -0.935187 -1.258863 -0.792357 -1.249001 -0.769626
41.583166 -1.224572 -1.040504 -0.984709 -0.351215 -0.983177 -0.351688 -0.983071 -0.350717 -1.317960 -0.814270 -1.323665 -0.820148 -1.323851 -0.820435 -1.427736 -0.988975 -1.341116 -0.843662 -1.328972 -0.820500
41.683367 -1.328831 -1.069613 -1.021074 -0.358685 -1.019587 -0.359417 -1.019384 -0.358349 -1.400424 -0.824547 -1.406722 -0.830475 -1.406937 -0.830763 -1.527538 -0.999596 -1.426506 -0.854180 -1.412061 -0.830891
41.783567 -1.436007 -1.058582 -1.056590 -0.333497 -1.055177 -0.334368 -1.054867 -0.333265 -1.481687 -0.789615 -1.488573 -0.795390 -1.488817 -0.795672 -1.625895 -0.960985 -1.510671 -0.818674 -1.493942 -0.795701
41.883768 -1.542077 -1.001660 -1.087908 -0.274957 -1.086585 -0.275800 -1.086165 -0.274743 -1.557050 -0.706535 -1.564498 -0.711924 -1.564770 -0.712192 -1.717661 -0.869421 -1.588828 -0.734063 -1.569881 -0.711965
41.983968 -1.642444 -0.895273 -1.111698 -0.184347 -1.110464 -0.184964 -1.109940 -0.184050 -1.621660 -0.575345 -1.629623 -0.580106 -1.629920 -0.580350 -1.797486 -0.724502 -1.656031 -0.600302 -1.634988 -0.579721
42.084168 -1.732150 -0.738950 -1.124869 -0.065240 -1.123703 -0.065431 -1.123089 -0.064757 -1.670848 -0.399672 -1.679252 -0.403567 -1.679573 -0.403779 -1.860193 -0.529843 -1.707512 -0.421011 -1.684557 -0.402621
42.184369 -1.806193 -0.536020 -1.124804 0.076480 -1.123663 0.076886 -1.122986 0.077235 -1.700494 -0.186913 -1.709247 -0.189733 -1.709587 -0.189904 -1.901192 -0.293302 -1.739060 -0.203670 -1.714435 -0.188119
42.284569 -1.859903 -0.293915 -1.109587 0.232948 -1.108413 0.234059 -1.107706 0.234023 -1.707401 0.052111 -1.716388 0.050529 -1.716743 0.050406 -1.916889 -0.026619 -1.747394 0.040729 -1.721395 0.052877
42.384770 -1.889353 -0.023928 -1.078176 0.394990 -1.076900 0.396820 -1.076200 0.396379 -1.689589 0.304047 -1.698684 0.303802 -1.699049 0.303731 -1.905028 0.255544 -1.730471 0.298580 -1.703438 0.306904
42.484970 -1.891751 0.259611 -1.030491 0.553046 -1.029041 0.555505 -1.028392 0.554681 -1.646494 0.554337 -1.655560 0.555452 -1.655930 0.555435 -1.864908 0.537055 -1.687684 0.555011 -1.659988 0.559283
42.585170 -1.865738 0.540674 -0.967405 0.698207 -0.965720 0.701111 -0.965158 0.699968 -1.579001 0.788788 -1.587904 0.791209 -1.588273 0.791245 -1.797434 0.802034 -1.619909 0.795481 -1.591933 0.795695
42.685371 -1.811562 0.803233 -0.890624 0.823195 -0.888659 0.826286 -0.888216 0.824923 -1.489337 0.995114 -1.497950 0.998714 -1.498312 0.998798 -1.705002 1.036568 -1.529392 1.007364 -1.501513 1.003746
42.785571 -1.731078 1.033022 -0.802479 0.923114 -0.800218 0.926101 -0.799913 0.924637 -1.380807 1.164211 -1.389017 1.168802 -1.389368 1.168928 -1.591221 1.230124 -1.419489 1.181252 -1.392058 1.174247
42.885772 -1.627569 1.219092 -0.705662 0.995858 -0.703113 0.998459 -0.702957 0.997016 -1.257434 1.290947 -1.265150 1.296302 -1.265486 1.296460 -1.460526 1.376471 -1.294299 1.311785 -1.267626 1.302020
42.985972 -1.505415 1.354874 -0.602927 1.042144 -0.600128 1.044127 -0.600117 1.042815 -1.123543 1.374394 -1.130697 1.380267 -1.131016 1.380448 -1.317731 1.473974 -1.158246 1.397897 -1.132580 1.386132
43.086172 -1.369656 1.438610 -0.496823 1.065192 -0.493834 1.066403 -0.493954 1.065306 -0.983352 1.417514 -0.989903 1.423663 -0.990203 1.423857 -1.167582 1.525300 -1.015659 1.442512 -0.991178 1.429574
43.186373 -1.225507 1.473117 -0.389464 1.070154 -0.386356 1.070530 -0.386587 1.069700 -0.840617 1.426414 -0.846547 1.432619 -0.846827 1.432815 -1.014372 1.536645 -0.870406 1.451791 -0.847211 1.438514
43.286573 -1.077900 1.464974 -0.282363 1.063410 -0.279217 1.062978 -0.279531 1.062434 -0.698366 1.409351 -0.703680 1.415427 -0.703940 1.415617 -0.861643 1.516672 -0.725625 1.434121 -0.703735 1.421286
43.386774 -0.931109 1.423346 -0.176356 1.051853 -0.173247 1.050719 -0.173616 1.050447 -0.558737 1.375670 -0.563455 1.381474 -0.563696 1.381651 -0.712004 1.475356 -0.583549 1.399024 -0.562908 1.387322
43.486974 -0.788489 1.358681 -0.071573 1.042256 -0.068567 1.040582 -0.068965 1.040547 -0.422917 1.334827 -0.427073 1.340263 -0.427298 1.340421 -0.567055 1.422915 -0.445443 1.356154 -0.425927 1.346163
43.587174 -0.652349 1.281489 0.032510 1.040771 0.035363 1.038760 0.034960 1.038906 -0.291177 1.295605 -0.294811 1.300618 -0.295021 1.300751 -0.427411 1.368926 -0.311634 1.314489 -0.293061 1.306666
43.687375 -0.523943 1.201359 0.136996 1.052565 0.139665 1.050443 0.139274 1.050703 -0.162964 1.265543 -0.166120 1.270114 -0.166319 1.270220 -0.292799 1.321693 -0.181611 1.281743 -0.163750 1.276432
43.787575 -0.403566 1.126303 0.243447 1.081573 0.245922 1.079576 0.245555 1.079874 -0.037050 1.250581 -0.039772 1.254721 -0.039962 1.254797 -0.162202 1.287838 -0.054162 1.263997 -0.036751 1.261445
43.887776 -0.290710 1.062404 0.353752 1.130309 0.356047 1.128682 0.355706 1.128937 0.088301 1.254844 0.085972 1.258587 0.085788 1.258632 -0.034039 1.272078 0.072439 1.265488 0.089691 1.265862
43.987976 -0.184257 1.013715 0.469978 1.199706 0.472129 1.198702 0.471811 1.198829 0.215141 1.280531 0.213170 1.283925 0.212988 1.283939 0.093638 1.277117 0.200249 1.288494 0.217646 1.291896
44.088176 -0.082682 0.982330 0.594199 1.288941 0.596268 1.288825 0.595960 1.288732 0.345642 1.327817 0.343998 1.330921 0.343816 1.330905 0.222947 1.303590 0.331454 1.333249 0.349309 1.339721
44.188377 0.015747 0.968542 0.728316 1.395238 0.730391 1.396279 0.730071 1.395870 0.481891 1.394773 0.480549 1.397650 0.480364 1.397604 0.355962 1.350023 0.468155 1.397867 0.486784 1.407387
44.288577 0.112796 0.971013 0.873845 1.513665 0.876040 1.516134 0.875677 1.515312 0.625670 1.477269 0.624612 1.479979 0.624421 1.479906 0.494501 1.412795 0.612156 1.478255 0.631867 1.490727
44.388778 0.210092 0.986939 1.031696 1.636996 1.034155 1.641143 1.033706 1.639817 0.778237 1.568922 0.777449 1.571523 0.777248 1.571424 0.639911 1.486126 0.764738 1.568071 0.785826 1.583298
44.488978 0.308983 1.012195 1.201938 1.755706 1.204826 1.761729 1.204243 1.759820 0.940097 1.661150 0.939570 1.663688 0.939358 1.663568 0.792854 1.562167 0.926432 1.658777 0.949169 1.676440
44.589178 0.410406 1.041497 1.383571 1.858202 1.387076 1.866206 1.386299 1.863666 1.110796 1.743409 1.110523 1.745921 1.110299 1.745784 0.953107 1.631240 1.096816 1.739883 1.121434 1.759514
44.689379 0.514764 1.068605 1.574342 1.931389 1.578661 1.941337 1.577626 1.938163 1.288742 1.803717 1.288722 1.806228 1.288483 1.806079 1.119406 1.682334 1.274336 1.799466 1.301016 1.820429
44.789579 0.621839 1.086636 1.770631 1.961619 1.775954 1.973284 1.774600 1.969535 1.471107 1.829506 1.471340 1.832023 1.471085 1.831869 1.289346 1.703879 1.456208 1.825012 1.485059 1.846501
44.889780 0.730720 1.088505 1.967452 1.936014 1.973946 1.948947 1.972215 1.944754 1.653821 1.808792 1.654305 1.811311 1.654036 1.811160 1.459384 1.684822 1.638414 1.804585 1.669458 1.825635
44.989980 0.839789 1.067506 2.158609 1.844059 2.166389 1.857580 2.164241 1.853152 1.831699 1.731603 1.832435 1.734102 1.832152 1.733963 1.624955 1.615906 1.815829 1.728235 1.848982 1.747765
45.090180 0.946753 1.018018 2.337011 1.679268 2.346123 1.692501 2.343538 1.688115 1.998722 1.591463 1.999710 1.593911 1.999413 1.593793 1.780724 1.491019 1.982495 1.589472 2.017562 1.606351
45.190381 1.048759 0.936256 2.495163 1.440647 2.505561 1.452586 2.502548 1.448565 2.148453 1.386716 2.149688 1.389068 2.149382 1.388980 1.920967 1.308377 2.132040 1.386581 2.168701 1.399715
45.290581 1.142572 0.820961 2.625774 1.133632 2.637311 1.143256 2.633911 1.139934 2.274571 1.121397 2.276046 1.123601 2.275733 1.123551 2.040049 1.071318 2.258195 1.123493 2.296022 1.131921
45.390782 1.224833 0.673904 2.722433 0.770259 2.734860 0.776657 2.731149 0.774336 2.371455 0.805437 2.373157 0.807441 2.372842 0.807435 2.132953 0.788489 2.355384 0.809990 2.393850 0.812987
45.490982 1.292359 0.500067 2.780255 0.368403 2.793235 0.370910 2.789318 0.369816 2.434756 0.454058 2.436666 0.455812 2.436354 0.455853 2.195787 0.473320 2.419279 0.461120 2.457789 0.458271
45.591182 1.342465 0.307421 2.796406 -0.049873 2.809540 -0.051578 2.805542 -0.051329 2.461859 0.086371 2.463953 0.087835 2.463647 0.087924 2.226200 0.142789 2.447265 0.095817 2.485192 0.087067
45.691383 1.373269 0.106272 2.770416 -0.460645 2.783281 -0.466484 2.779338 -0.464905 2.452177 -0.276621 2.454425 -0.275470 2.454130 -0.275335 2.223639 -0.184349 2.438733 -0.265072 2.475458 -0.279418
45.791583 1.383918 -0.091764 2.704244 -0.840757 2.716430 -0.850262 2.712674 -0.847495 2.407230 -0.614318 2.409597 -0.613483 2.409317 -0.613306 2.189425 -0.489586 2.395156 -0.601062 2.430111 -0.620375
45.891784 1.374723 -0.275004 2.602061 -1.170312 2.613214 -1.182698 2.609760 -1.178990 2.330483 -0.908726 2.332936 -0.908186 2.332675 -0.907975 2.126615 -0.756623 2.319945 -0.894211 2.352645 -0.917625
45.991984 1.347167 -0.432966 2.469815 -1.434607 2.479663 -1.448889 2.476601 -1.444556 2.227002 -1.146200 2.229507 -1.145914 2.229268 -1.145676 2.039700 -0.972934 2.218101 -1.130872 2.248170 -1.157382
46.092184 1.303784 -0.557447 2.314634 -1.625243 2.323005 -1.640373 2.320391 -1.635756 2.102951 -1.318495 2.105481 -1.318404 2.105266 -1.318147 1.934169 -1.130713 2.095733 -1.302742 2.122910 -1.331317
46.192385 1.247928 -0.643237 2.144153 -1.740304 2.150981 -1.755305 2.148838 -1.750723 1.965037 -1.423001 1.967572 -1.423032 1.967383 -1.422765 1.816028 -1.227130 1.959499 -1.407119 1.983643 -1.436793
46.292585 1.183475 -0.688367 1.965889 -1.783683 1.971201 -1.797751 1.969522 -1.793470 1.819964 -1.462236 1.822493 -1.462311 1.822330 -1.462040 1.691322 -1.263916 1.816075 -1.446410 1.837142 -1.476362
46.392786 1.114500 -0.693904 1.786703 -1.763802 1.790604 -1.776373 1.789354 -1.772582 1.673968 -1.442785 1.676491 -1.442823 1.676355 -1.442554 1.565727 -1.246466 1.671681 -1.427086 1.689711 -1.456682
46.492986 1.044971 -0.663373 1.612421 -1.692018 1.615068 -1.702778 1.614196 -1.699585 1.532480 -1.373933 1.535004 -1.373857 1.534895 -1.373593 1.444252 -1.182654 1.531753 -1.358328 1.546837 -1.387140
46.593186 0.978501 -0.601957 1.447628 -1.581004 1.449205 -1.589872 1.448650 -1.587310 1.399924 -1.266268 1.402467 -1.266003 1.402384 -1.265746 1.331054 -1.081606 1.400729 -1.250636 1.412990 -1.278433
46.693387 0.918184 -0.515654 1.295608 -1.443359 1.296303 -1.450440 1.296002 -1.448482 1.279650 -1.130450 1.282237 -1.129925 1.282180 -1.129675 1.229373 -0.952621 1.281985 -1.114594 1.291552 -1.141327
46.793587 0.866516 -0.410524 1.158414 -1.290568 1.158404 -1.296094 1.158298 -1.294671 1.173978 -0.976294 1.176641 -0.975444 1.176609 -0.975198 1.141558 -0.804346 1.177873 -0.959963 1.184862 -0.985733
46.893788 0.825381 -0.292148 1.037028 -1.132375 1.036463 -1.136647 1.036499 -1.135668 1.084310 -0.812222 1.087088 -0.810983 1.087081 -0.810739 1.069156 -0.644285 1.089830 -0.795119 1.094334 -0.820148
46.993988 0.796108 -0.165319 0.931547 -0.976524 0.930550 -0.979862 0.930684 -0.979230 1.011287 -0.645057 1.014223 -0.643368 1.014240 -0.643123 1.013038 -0.478620 1.018532 -0.626856 1.020609 -0.651453
47.094188 0.779543 -0.033992 0.841397 -0.828801 0.840058 -0.831509 0.840257 -0.831132 0.954941 -0.480106 0.958083 -0.477913 0.958125 -0.477663 0.973523 -0.312299 0.964048 -0.460472 0.963716 -0.485002
47.194389 0.776136 0.098575 0.765520 -0.693272 0.763898 -0.695616 0.764136 -0.695414 0.914839 -0.321448 0.918239 -0.318705 0.918307 -0.318445 0.950486 -0.149318 0.925977 -0.300057 0.923215 -0.324908
47.294589 0.786014 0.229548 0.702526 -0.572618 0.700655 -0.574813 0.700915 -0.574723 0.890182 -0.172326 0.893897 -0.168998 0.893991 -0.168723 0.943430 0.006888 0.903551 -0.148890 0.898298 -0.174438
47.394790 0.809015 0.356165 0.650819 -0.468493 0.648713 -0.470702 0.648985 -0.470674 0.879872 -0.035562 0.883960 -0.031631 0.884082 -0.031339 0.951524 0.153024 0.895695 -0.009867 0.887854 -0.036440
47.494990 0.844702 0.475398 0.608681 -0.381834 0.606339 -0.384170 0.606615 -0.384169 0.882534 0.086079 0.887053 0.090605 0.887206 0.090916 0.973588 0.285574 0.901047 0.114136 0.890496 0.086297
47.595190 0.892338 0.583666 0.574330 -0.313095 0.571738 -0.315633 0.572017 -0.315632 0.896506 0.189632 0.901512 0.194715 0.901697 0.195046 1.008068 0.400548 0.917944 0.220003 0.904545 0.190783
47.695391 0.950821 0.676682 0.545957 -0.262385 0.543098 -0.265160 0.543377 -0.265141 0.919815 0.271842 0.925359 0.277405 0.925578 0.277754 1.052974 0.493418 0.944396 0.304288 0.928011 0.273735
47.795591 1.018625 0.749450 0.521759 -0.229499 0.518611 -0.232521 0.518894 -0.232466 0.950150 0.329251 0.956272 0.335176 0.956527 0.335540 1.105838 0.559264 0.978056 0.363314 0.958562 0.331667
47.895792 1.093720 0.796472 0.499970 -0.213878 0.496512 -0.217131 0.496800 -0.217026 0.984854 0.358486 0.991582 0.364607 0.991873 0.364980 1.163694 0.593146 1.016207 0.393466 0.993520 0.361175
47.995992 1.173527 0.812164 0.478899 -0.214513 0.475112 -0.217960 0.475411 -0.217791 1.020953 0.356695 1.028295 0.362807 1.028624 0.363178 1.223104 0.590690 1.055795 0.391661 1.029887 0.359387
48.096192 1.254906 0.791461 0.456981 -0.229835 0.452852 -0.233417 0.453169 -0.233171 1.055238 0.322100 1.063182 0.327961 1.063548 0.328321 1.280251 0.548794 1.093508 0.355918 1.064426 0.324510
48.196393 1.334211 0.730569 0.432841 -0.257642 0.428363 -0.261280 0.428703 -0.260947 1.084397 0.254553 1.092906 0.259898 1.093307 0.260234 1.331113 0.466366 1.125917 0.285943 1.093800 0.256392
48.296593 1.407414 0.627752 0.405354 -0.295102 0.400529 -0.298692 0.400901 -0.298267 1.105206 0.155983 1.114217 0.160544 1.114650 0.160843 1.371690 0.344939 1.149671 0.183608 1.114758 0.156982
48.396794 1.470315 0.484035 0.373711 -0.338848 0.368550 -0.342266 0.368964 -0.341754 1.114750 0.030630 1.124173 0.034154 1.124634 0.034403 1.398296 0.189019 1.161727 0.053197 1.124360 0.030551
48.496994 1.518816 0.303659 0.337461 -0.385203 0.331990 -0.388304 0.332452 -0.387722 1.110651 -0.115043 1.120373 -0.112769 1.120856 -0.112582 1.407854 0.006046 1.159589 -0.098663 1.120207 -0.116382
48.597194 1.549242 0.094166 0.296532 -0.430482 0.290788 -0.433112 0.291305 -0.432486 1.091274 -0.272778 1.101164 -0.271907 1.101662 -0.271789 1.398163 -0.194079 1.141528 -0.263439 1.100649 -0.275488
48.697395 1.558678 -0.133979 0.251209 -0.471359 0.245244 -0.473362 0.245820 -0.472732 1.055874 -0.433270 1.065788 -0.433878 1.066294 -0.433835 1.368108 -0.399884 1.106728 -0.431463 1.064931 -0.437381
48.797595 1.545253 -0.368246 0.202087 -0.505221 0.195966 -0.506460 0.196601 -0.505870 1.004650 -0.587129 1.014438 -0.589210 1.014944 -0.589241 1.317744 -0.599494 1.055357 -0.592926 1.013248 -0.592586
48.897796 1.508355 -0.595270 0.149977 -0.530460 0.143777 -0.530830 0.144466 -0.530327 0.938701 -0.725903 0.948219 -0.729364 0.948719 -0.729467 1.248276 -0.781918 0.988525 -0.738941 0.946709 -0.732573
48.997996 1.448708 -0.802297 0.095793 -0.546644 0.089599 -0.546084 0.090333 -0.545712 0.859890 -0.842988 0.869006 -0.847664 0.869492 -0.847831 1.161902 -0.938215 0.908144 -0.862505 0.867189 -0.850675
49.098196 1.368318 -0.978600 0.040435 -0.554542 0.034334 -0.553048 0.035102 -0.552838 0.770619 -0.934282 0.779220 -0.939950 0.779686 -0.940169 1.061558 -1.062377 0.816701 -0.959191 0.777111 -0.942752
49.198397 1.270262 -1.116617 -0.015335 -0.556009 -0.021255 -0.553636 -0.020470 -0.553608 0.673561 -0.998483 0.681557 -1.004888 0.681999 -1.005148 0.950603 -1.151781 0.716982 -1.027480 0.679171 -1.007491
49.298597 1.158376 -1.212646 -0.070989 -0.553763 -0.076649 -0.550618 -0.075864 -0.550774 0.571379 -1.037024 0.578709 -1.043900 0.579123 -1.044187 0.832476 -1.207195 0.611784 -1.068707 0.576060 -1.046340
49.398798 1.036869 -1.266977 -0.126309 -0.551091 -0.131641 -0.547322 -0.130874 -0.547651 0.466472 -1.053675 0.473101 -1.060772 0.473485 -1.061071 0.710380 -1.232362 0.503643 -1.086663 0.470201 -1.063108
49.498998 0.909917 -1.283493 -0.181428 -0.551545 -0.186378 -0.547326 -0.185644 -0.547805 0.360770 -1.053941 0.366686 -1.061037 0.367040 -1.061336 0.587025 -1.233311 0.394621 -1.086974 0.363540 -1.063355
49.599198 0.781311 -1.268859 -0.236839 -0.558667 -0.241370 -0.554184 -0.240684 -0.554780 0.255592 -1.044348 0.260804 -1.051267 0.261128 -1.051555 0.464440 -1.217503 0.286159 -1.076364 0.257411 -1.053672
49.699399 0.654170 -1.231471 -0.293386 -0.575770 -0.297478 -0.571206 -0.296850 -0.571880 0.151581 -1.031758 0.156115 -1.038372 0.156412 -1.038641 0.343879 -1.192985 0.178998 -1.061928 0.152463 -1.040984
49.799599 0.530776 -1.180375 -0.352226 -0.605771 -0.355877 -0.601300 -0.355315 -0.602011 0.048704 -1.022769 0.052595 -1.029001 0.052866 -1.029243 0.225803 -1.167641 0.073180 -1.050515 0.048659 -1.031951
49.899800 0.412502 -1.124305 -0.414789 -0.651079 -0.418011 -0.646861 -0.417517 -0.647564 -0.053702 -1.023260 -0.050415 -1.029076 -0.050166 -1.029288 0.109925 -1.148596 -0.031908 -1.048231 -0.054671 -1.032502
50.000000 0.299846 -1.070952 -0.482715 -0.713490 -0.485536 -0.709673 -0.485108 -0.710323 -0.156838 -1.038054 -0.154113 -1.043462 -0.153884 -1.043641 -0.004694 -1.141799 -0.137440 -1.060103 -0.158743 -1.047503
